,Test Image,Target Image,Distance,Verified?
0,Arif Alvi_img_4.jpg,Misbah-ul-haq/7.misbah.jpg,0.9421998312681282,0
0,Arif Alvi_img_4.jpg,Misbah-ul-haq/11.misbah300.jpg,1.0488538696891048,0
0,Arif Alvi_img_4.jpg,Misbah-ul-haq/5.dc-Cover-kg29bhi5r763eveog76v04vto1-20170330211218.Medi.jpg,0.9768172351490918,0
0,Arif Alvi_img_4.jpg,Misbah-ul-haq/2.58779a2806ac5.jpg,-1.0,1
0,Arif Alvi_img_4.jpg,Misbah-ul-haq/1.Misbah-640x415.jpg,1.0351356030322831,0
0,Arif Alvi_img_4.jpg,Misbah-ul-haq/3.125912-waibhrzmov-1566370681.jpg,1.0328863761381255,0
0,Arif Alvi_img_4.jpg,Misbah-ul-haq/5.7kfekm6_misbahulhaq-afp_625x300_26_August_19.jpg,0.9871911175030369,0
0,Arif Alvi_img_4.jpg,Misbah-ul-haq/7.Pakistan-s-head-coach-Misbah-ul-Haq_16db509556c_large.jpg,1.0264549651968475,0
0,Arif Alvi_img_4.jpg,Misbah-ul-haq/12.misbah60508795_2015122914140.jpg,-1.0,1
0,Arif Alvi_img_4.jpg,Misbah-ul-haq/4.misbah.jpg,0.8469541980791,0
0,Arif Alvi_img_4.jpg,Misbah-ul-haq/1.misbah.jpg,-1.0,1
0,Arif Alvi_img_4.jpg,Misbah-ul-haq/4.125912-waibhrzmov-1566370681.jpg,1.0328863761381255,0
0,Arif Alvi_img_4.jpg,Misbah-ul-haq/11.misbah-ul-haq-ndtv_806x605_41481022193.jpg,0.9899126377329919,0
0,Arif Alvi_img_4.jpg,Misbah-ul-haq/3.395873_6982274_MISBAH_updates.jpg,0.8876416677795933,0
0,Arif Alvi_img_4.jpg,Misbah-ul-haq/3.2173_8360806_updates.jpg,0.9406905253452587,0
0,Arif Alvi_img_4.jpg,Misbah-ul-haq/6.563313-misbah-ul-haq-afp.jpg,0.9650554028369508,0
0,Arif Alvi_img_4.jpg,Misbah-ul-haq/11.CJ_RN6wUAAAeVQa.jpg,0.9468117107592012,0
0,Arif Alvi_img_4.jpg,Misbah-ul-haq/1.Misbah-ul-Haq-4.jpg,0.9412027925167508,0
0,Arif Alvi_img_4.jpg,Misbah-ul-haq/3.ubqpik18_misbahulhaq_625x300_26_September_19.jpg,1.0252394073301014,0
0,Arif Alvi_img_4.jpg,Misbah-ul-haq/10.Misba.jpg,-1.0,1
0,Arif Alvi_img_4.jpg,Misbah-ul-haq/8.136048.2.jpg,0.8959442984903452,0
0,Arif Alvi_img_4.jpg,Misbah-ul-haq/10.3049_4609736_updates.jpg,0.970214566306774,0
0,Arif Alvi_img_4.jpg,Misbah-ul-haq/13.Misbah+ul+Haq+Azhar+Ali+Pakistan+v+Australia+_ddvBuOYRqkl.jpg,0.9842314293531822,0
0,Arif Alvi_img_4.jpg,Misbah-ul-haq/5.BxZIPEnm_400x400.jpg,0.9116665424402428,0
0,Arif Alvi_img_4.jpg,Misbah-ul-haq/8.misbah-2.jpg,1.0585343681681245,0
0,Arif Alvi_img_4.jpg,Misbah-ul-haq/13.71516025.jpg,-1.0,1
0,Arif Alvi_img_4.jpg,Misbah-ul-haq/1.27691.jpg,0.9845181535650696,0
0,Arif Alvi_img_4.jpg,Misbah-ul-haq/3.1_16a08439ffe.2007347_2816615297_16a08439ffe_large.jpg,0.9381069227485387,0
0,Arif Alvi_img_4.jpg,Misbah-ul-haq/14.maxresdefault.jpg,-1.0,1
0,Arif Alvi_img_4.jpg,Misbah-ul-haq/2.1_16a08439ffe.2007347_2816615297_16a08439ffe_large.jpg,0.9381069227485387,0
0,Arif Alvi_img_4.jpg,Misbah-ul-haq/10.Misbah-ul-Haq1.jpg,0.8012929486826125,0
0,Arif Alvi_img_4.jpg,Misbah-ul-haq/4.misbah_reuters_647_113016111018.jpg,0.8979485368700518,0
0,Arif Alvi_img_4.jpg,Misbah-ul-haq/11.1271548-misbah-1482385158.jpg,1.1087474127723917,0
0,Arif Alvi_img_4.jpg,Misbah-ul-haq/8.IndiaTv7a178a_302549-misbah-ul-haq-sad-70.jpg,0.8581403853496062,0
0,Arif Alvi_img_4.jpg,Misbah-ul-haq/9.cl_misbah-ul-haq.jpg,1.0634072311141927,0
0,Arif Alvi_img_4.jpg,Misbah-ul-haq/3.AP19268593688717__1_-770x433.jpg,0.9906115467967036,0
0,Arif Alvi_img_4.jpg,Misbah-ul-haq/11.259941_4861970_updates.jpg,0.9668850631678159,0
0,Arif Alvi_img_4.jpg,Misbah-ul-haq/7.1486146403-0394.jpg,0.8804727995213306,0
0,Arif Alvi_img_4.jpg,Misbah-ul-haq/12.517735_4950289_Misbah--ul---Haq_updates.jpg,0.9748337731820377,0
0,Arif Alvi_img_4.jpg,Misbah-ul-haq/7.skysports-misbah-ul-haq-pakistan_4764619.jpg,1.0810923310446412,0
0,Arif Alvi_img_4.jpg,Usman Buzdar/8.371998_1567883_akhbar.jpg,0.9604615474025799,0
0,Arif Alvi_img_4.jpg,Usman Buzdar/7.usman-buzdar.jpg,0.9711928493297964,0
0,Arif Alvi_img_4.jpg,Usman Buzdar/7.c71827a015e58a4aa00c46a356194b17.jpg,0.9556441102182809,0
0,Arif Alvi_img_4.jpg,Usman Buzdar/4.Punjab-Chief-Minister-Sardar-Usman-Buzdar.jpg,0.8793865257466972,0
0,Arif Alvi_img_4.jpg,Usman Buzdar/3.1783241-sardarusmanbuzdar-1534526594.jpg,0.922305422265868,0
0,Arif Alvi_img_4.jpg,Usman Buzdar/7.Array1325.jpg,0.8786694593759983,0
0,Arif Alvi_img_4.jpg,Usman Buzdar/7.is-cm-elect-usman-buzdar-a-poor-choice-probably-yes-1-640x384.jpg,-1.0,1
0,Arif Alvi_img_4.jpg,Usman Buzdar/8.buzdar-s-family-missing-taunsa-badly-1535148096-3350.jpg,-1.0,1
0,Arif Alvi_img_4.jpg,Usman Buzdar/3.453301_81704469.jpg,0.9077425309996641,0
0,Arif Alvi_img_4.jpg,Usman Buzdar/1.pic_1558440812.jpg,-1.0,1
0,Arif Alvi_img_4.jpg,Usman Buzdar/6.5b76fdf96290b.jpg,0.81585167959717,0
0,Arif Alvi_img_4.jpg,Usman Buzdar/5.Usman-Buzdar-helicopter-accident-1-750x369.jpg,-1.0,1
0,Arif Alvi_img_4.jpg,Usman Buzdar/1.sardar-usman-buzdar-career-profile-of-new-cm-punjab-nominee-1534524547-1964.jpg,0.8760189826697672,0
0,Arif Alvi_img_4.jpg,Usman Buzdar/3.5b76fdf96290b.jpg,0.81585167959717,0
0,Arif Alvi_img_4.jpg,Usman Buzdar/1.2343ab341b85b14021a12307b6c96e7a.jpg,0.9058438960204364,0
0,Arif Alvi_img_4.jpg,Usman Buzdar/2.1783241-sardarusmanbuzdar-1534526594.jpg,0.922305422265868,0
0,Arif Alvi_img_4.jpg,Usman Buzdar/3.56_20181024165411.jpg,0.9520032274276399,0
0,Arif Alvi_img_4.jpg,Usman Buzdar/6.ptis-usman-buzdar-elected-cm-punjab-1534667933-1135.jpg,0.9558939992022545,0
0,Arif Alvi_img_4.jpg,Usman Buzdar/1.371998_1567883_akhbar.jpg,0.9604615474025799,0
0,Arif Alvi_img_4.jpg,Usman Buzdar/2.207826_8474793_updates.jpg,0.895327702385016,0
0,Arif Alvi_img_4.jpg,Usman Buzdar/1.DkyhLJOUcAAQE26.jpg,0.6948296552384473,0
0,Arif Alvi_img_4.jpg,Usman Buzdar/6.Sardar-Usman-Buzdar.jpg,0.9663855791443282,0
0,Arif Alvi_img_4.jpg,Usman Buzdar/2.1032.jpg,0.88326510566522,0
0,Arif Alvi_img_4.jpg,Usman Buzdar/2.Chief-Minister-Punjab-Sardar-Usman-Buzdar.jpg,0.961819405412811,0
0,Arif Alvi_img_4.jpg,Usman Buzdar/5.buzdar.jpg,0.9936364865129478,0
0,Arif Alvi_img_4.jpg,Usman Buzdar/1.c71827a015e58a4aa00c46a356194b17.jpg,0.9556441102182809,0
0,Arif Alvi_img_4.jpg,Usman Buzdar/5.pic_1558456890.jpg,0.9770039281666218,0
0,Arif Alvi_img_4.jpg,Usman Buzdar/3.Dk0NUBmXsAAR8aC.jpg,-1.0,1
0,Arif Alvi_img_4.jpg,Usman Buzdar/5.sardar-usman-buzdar.jpg,0.9475472486977691,0
0,Arif Alvi_img_4.jpg,Usman Buzdar/1.sardar-usman-buzdar.jpg,0.9475472486977691,0
0,Arif Alvi_img_4.jpg,Usman Buzdar/2.454455_97897385.jpg,0.9048299282000725,0
0,Arif Alvi_img_4.jpg,Usman Buzdar/4.Dk0NUBmXsAAR8aC.jpg,-1.0,1
0,Arif Alvi_img_4.jpg,Usman Buzdar/6.Sardar-Usman-Buzdar-Bio.jpg,0.8760189826697672,0
0,Arif Alvi_img_4.jpg,Usman Buzdar/6.500x310_b7c38c_Finally-Imran-khan-decided-chief-minister-Punjab-U-66804.jpg,0.8924240985262616,0
0,Arif Alvi_img_4.jpg,Usman Buzdar/7.39297017_1876707742625435_226583924573208576_n.jpg,1.0099727284168527,0
0,Arif Alvi_img_4.jpg,Usman Buzdar/7.5c8b3456d2899.jpg,1.0525695323227804,0
0,Arif Alvi_img_4.jpg,Usman Buzdar/5.DoU0Vn4WkAANnju.jpg,-1.0,1
0,Arif Alvi_img_4.jpg,Usman Buzdar/7.Station-Commander-Pakistan-Navy-called-on-CM-Punjab-Usman-Buzdar-e1535298792416-1.jpg,1.0303613864072556,0
0,Arif Alvi_img_4.jpg,Usman Buzdar/5.1783241-sardarusmanbuzdar-1534526594.jpg,0.922305422265868,0
0,Arif Alvi_img_4.jpg,Usman Buzdar/7.CM-Buzdar-address-to-Sehat-Insaf-Cards-distribution-ceremony-in-Chakwal-9th-Oct-2019224504.jpg,0.9018676181288037,0
0,Arif Alvi_img_4.jpg,Fawad Ahmed Choudhry/7.FAWADCHAUDARY-1-750x369.jpg,0.9112904054996396,0
0,Arif Alvi_img_4.jpg,Fawad Ahmed Choudhry/36.z8p9hXWS_400x400.jpg,-1.0,1
0,Arif Alvi_img_4.jpg,Fawad Ahmed Choudhry/23.5da5ba50cce2c.jpg,0.9055520734263086,0
0,Arif Alvi_img_4.jpg,Fawad Ahmed Choudhry/2.Fawad-Chaudhry-1.jpg,0.9198802429922064,0
0,Arif Alvi_img_4.jpg,Fawad Ahmed Choudhry/4.334409_9168124_updates.jpg,-1.0,1
0,Arif Alvi_img_4.jpg,Fawad Ahmed Choudhry/18.fawad-1.jpg,1.0349030064484102,0
0,Arif Alvi_img_4.jpg,Fawad Ahmed Choudhry/5.5cf3417d3e5e3.jpg,1.0287989556171913,0
0,Arif Alvi_img_4.jpg,Fawad Ahmed Choudhry/17.aa-cover-32ctrr0f8rg1o94ed3i1phque4-20181116065853-1557201375.jpg,0.9188734912948741,0
0,Arif Alvi_img_4.jpg,Fawad Ahmed Choudhry/10.Fawad-Chaudhry-1.jpg,0.8749433792294532,0
0,Arif Alvi_img_4.jpg,Fawad Ahmed Choudhry/17.Fawad-chaudhry-750x369.jpg,0.9519403309517109,0
0,Arif Alvi_img_4.jpg,Fawad Ahmed Choudhry/39.Fawad-chaudhry-750x369.jpg,0.9519403309517109,0
0,Arif Alvi_img_4.jpg,Fawad Ahmed Choudhry/12.Fawad-chaudhry-750x369.jpg,0.9519403309517109,0
0,Arif Alvi_img_4.jpg,Fawad Ahmed Choudhry/16.5bed3b025bba6.jpg,-1.0,1
0,Arif Alvi_img_4.jpg,Fawad Ahmed Choudhry/24.Fawad-Chuhdry.jpg,0.9723354997173542,0
0,Arif Alvi_img_4.jpg,Fawad Ahmed Choudhry/19.5bed3b025bba6.jpg,-1.0,1
0,Arif Alvi_img_4.jpg,Fawad Ahmed Choudhry/19.4a46d0937dc6ba1321a1a34c3f52abf6.jpg,0.7678664028020197,0
0,Arif Alvi_img_4.jpg,Fawad Ahmed Choudhry/15.0-44.jpg,0.938765061859588,0
0,Arif Alvi_img_4.jpg,Fawad Ahmed Choudhry/15.322872-fawadchaudhry-1326794055-417-640x480.jpg,0.9577246641913357,0
0,Arif Alvi_img_4.jpg,Fawad Ahmed Choudhry/35.Fawad-chaudhry-miniter-information-1.jpg,0.946873400001098,0
0,Arif Alvi_img_4.jpg,Fawad Ahmed Choudhry/7.pic_1534619252.jpg,0.9658620869678837,0
0,Arif Alvi_img_4.jpg,Fawad Ahmed Choudhry/20.51fb3461af716f1cb0bf5aefb09cf5d6.jpg,-1.0,1
0,Arif Alvi_img_4.jpg,Fawad Ahmed Choudhry/20.fawad-1.jpg,0.9837893838140447,0
0,Arif Alvi_img_4.jpg,Fawad Ahmed Choudhry/12.pic_1561144102-1280x720.jpg,1.0063266910575066,0
0,Arif Alvi_img_4.jpg,Fawad Ahmed Choudhry/11.414297-fawad-hussain-c-770x433.jpg,1.0533959221142446,0
0,Arif Alvi_img_4.jpg,Fawad Ahmed Choudhry/9.5cf3417d3e5e3.jpg,1.0287989556171913,0
0,Arif Alvi_img_4.jpg,Fawad Ahmed Choudhry/31.chaudhry-fawad-hussain.jpg,0.9885798521454016,0
0,Arif Alvi_img_4.jpg,Fawad Ahmed Choudhry/18.522157_47898018.jpg,-1.0,1
0,Arif Alvi_img_4.jpg,Fawad Ahmed Choudhry/29.105199b6fb5fdf32f5d3924cdbccc0c0_XL.jpg,1.0012871150124925,0
0,Arif Alvi_img_4.jpg,Fawad Ahmed Choudhry/1.Fawad-Chaudhry-1.jpg,0.9198802429922064,0
0,Arif Alvi_img_4.jpg,Fawad Ahmed Choudhry/1.Fawad-Chaudhry-600x314.jpg,0.9436131486632141,0
0,Arif Alvi_img_4.jpg,Fawad Ahmed Choudhry/9.z8p9hXWS_400x400.jpg,-1.0,1
0,Arif Alvi_img_4.jpg,Fawad Ahmed Choudhry/38.Fawad-Chaudhry-1.jpg,1.0645332156924523,0
0,Arif Alvi_img_4.jpg,Fawad Ahmed Choudhry/31.fawad-1.jpg,-1.0,1
0,Arif Alvi_img_4.jpg,Fawad Ahmed Choudhry/3.453423_81439558.jpg,1.0419282605060352,0
0,Arif Alvi_img_4.jpg,Fawad Ahmed Choudhry/14.5d04f0bd5b794.jpg,0.917278941067211,0
0,Arif Alvi_img_4.jpg,Fawad Ahmed Choudhry/18.5d9abc41a086c.jpg,0.917278941067211,0
0,Arif Alvi_img_4.jpg,Fawad Ahmed Choudhry/16.pic_1535226900.jpg,0.9331631107299125,0
0,Arif Alvi_img_4.jpg,Fawad Ahmed Choudhry/6.Fawad-Hussain-Chaudhry-PTI.jpg,0.9827287770567501,0
0,Arif Alvi_img_4.jpg,Fawad Ahmed Choudhry/16.Fawad-Chaudhry-696x398.jpg,0.9235019081484879,0
0,Arif Alvi_img_4.jpg,Fawad Ahmed Choudhry/35.Fawad-Chaudhry-PID.jpg,0.9297434617172935,0
0,Arif Alvi_img_4.jpg,Raza Rabbani/6.1671086-razarabbani-1522219815.jpg,0.7239276446767058,0
0,Arif Alvi_img_4.jpg,Raza Rabbani/15.rab-1-990x594.jpg,0.72552295594298,0
0,Arif Alvi_img_4.jpg,Raza Rabbani/4.Raza_Rabbani.jpg,0.8094125008650553,0
0,Arif Alvi_img_4.jpg,Raza Rabbani/16.1523862409_769.jpg,0.7681949362792758,0
0,Arif Alvi_img_4.jpg,Raza Rabbani/17.1655905-razarabbani-1520659466-306-160x120.jpg,0.7944209918362279,0
0,Arif Alvi_img_4.jpg,Raza Rabbani/16.supporting-musharraf-would-be-an-historical-injustice-says-raza-rabbani-1210x642.jpg,0.9069759314331264,0
0,Arif Alvi_img_4.jpg,Raza Rabbani/11.2130119-razarabbani-1578111838-859-640x480.jpg,0.7944209918362279,0
0,Arif Alvi_img_4.jpg,Raza Rabbani/14.Raza-Rabbani-750x369.jpg,0.71298237830996,0
0,Arif Alvi_img_4.jpg,Raza Rabbani/6.262891_9970076_updates.jpg,0.7412563488564877,0
0,Arif Alvi_img_4.jpg,Raza Rabbani/3.5500c7100076a.jpg,0.6277139013473485,0
0,Arif Alvi_img_4.jpg,Raza Rabbani/11.Raza-Rabbani-1.jpg,0.8938595490585999,0
0,Arif Alvi_img_4.jpg,Raza Rabbani/12.Raza_Rabbani.jpg,0.8094125008650553,0
0,Arif Alvi_img_4.jpg,Raza Rabbani/8.Raza-Rabbani.jpg,0.7973847845413742,0
0,Arif Alvi_img_4.jpg,Raza Rabbani/14.1592447-razarabbani-1514201244.jpg,0.7944209918362279,0
0,Arif Alvi_img_4.jpg,Raza Rabbani/6.5500c7100076a.jpg,0.6277139013473485,0
0,Arif Alvi_img_4.jpg,Raza Rabbani/10.5cc3cf844b294.jpg,0.7366646555393708,0
0,Arif Alvi_img_4.jpg,Raza Rabbani/4.209685_021230_updates.jpg,0.6879903467103503,0
0,Arif Alvi_img_4.jpg,Raza Rabbani/3.58c2ab059eb7e.jpg,0.7233274149025206,0
0,Arif Alvi_img_4.jpg,Raza Rabbani/13.pic_1489501869.jpg,0.8462270291754345,0
0,Arif Alvi_img_4.jpg,Raza Rabbani/14.DPsZP-hXcAAi8vZ.jpg,0.7246204569346354,0
0,Arif Alvi_img_4.jpg,Raza Rabbani/8.pic_1551190592.jpg,0.8768287320225466,0
0,Arif Alvi_img_4.jpg,Raza Rabbani/12.5500c7100076a.jpg,0.6277139013473485,0
0,Arif Alvi_img_4.jpg,Raza Rabbani/8.ASIA25C.jpg,-1.0,1
0,Arif Alvi_img_4.jpg,Raza Rabbani/2.raza-rabbani2-6000.jpg,0.760907842293598,0
0,Arif Alvi_img_4.jpg,Raza Rabbani/7.maxresdefault.jpg,0.8923689786453298,0
0,Arif Alvi_img_4.jpg,Raza Rabbani/15.1523862409_769.jpg,0.7681949362792758,0
0,Arif Alvi_img_4.jpg,Raza Rabbani/14.5cc3cf844b294.jpg,0.7366646555393708,0
0,Arif Alvi_img_4.jpg,Raza Rabbani/17.851172-RazaRabbani-1426052951-703-640x480.jpg,0.6369754397356587,0
0,Arif Alvi_img_4.jpg,Raza Rabbani/4.AFP-Raza-1.jpg,0.7321725435293454,0
0,Arif Alvi_img_4.jpg,Raza Rabbani/8.5500c7100076a.jpg,0.6277139013473485,0
0,Arif Alvi_img_4.jpg,Raza Rabbani/16.rab-1-990x594.jpg,0.72552295594298,0
0,Arif Alvi_img_4.jpg,Raza Rabbani/12.573596_9121833_raza-rabbani_akhbar.jpg,0.7831806610217033,0
0,Arif Alvi_img_4.jpg,Raza Rabbani/5.raza-on-facebook.jpg,0.632215238662272,0
0,Arif Alvi_img_4.jpg,Raza Rabbani/13.raza-on-instagram.jpg,0.6864438471113331,0
0,Arif Alvi_img_4.jpg,Raza Rabbani/14.maxresdefault.jpg,0.8999101174154525,0
0,Arif Alvi_img_4.jpg,Raza Rabbani/4.Raza-Rabbani-3.jpg,0.7944209918362279,0
0,Arif Alvi_img_4.jpg,Raza Rabbani/14.Raza_Rabbani.jpg,0.8094125008650553,0
0,Arif Alvi_img_4.jpg,Raza Rabbani/11.Raza-Rabbani.jpg,0.754025777515805,0
0,Arif Alvi_img_4.jpg,Raza Rabbani/14.Senator_raza_Rabbani.jpg,0.7374440494259528,0
0,Arif Alvi_img_4.jpg,Raza Rabbani/8.1523862409_769.jpg,0.7681949362792758,0
0,Arif Alvi_img_4.jpg,Talat Hussain/20.censorship-the-new-drops-talat-hussains-column-again.jpg,0.9140995317404241,0
0,Arif Alvi_img_4.jpg,Talat Hussain/4.528619-talathussain-1364619728.jpg,0.8976583740073403,0
0,Arif Alvi_img_4.jpg,Talat Hussain/4.nawaz-sharif-always-want-planted-interview-talat-hussain-disclosing-how-nawaz-sharif-gives-interview.jpg,0.8422956370940604,0
0,Arif Alvi_img_4.jpg,Talat Hussain/8.BeFunky-collage-1.jpg,-1.0,1
0,Arif Alvi_img_4.jpg,Talat Hussain/16.Talat-Hussain-Urdu-Columns.jpg,0.8175280123945089,0
0,Arif Alvi_img_4.jpg,Talat Hussain/26.who-is-behind-censorship-on-media-govt-or-institutions-talat-hussain-analysis.jpg,0.8156576583214872,0
0,Arif Alvi_img_4.jpg,Talat Hussain/9.hqdefault.jpg,0.8556401856271207,0
0,Arif Alvi_img_4.jpg,Talat Hussain/21.heres-why-talat-hussain-may-soon-quit-geo.jpg,0.9716184635119158,0
0,Arif Alvi_img_4.jpg,Talat Hussain/4.hqdefault.jpg,0.8642609721431311,0
0,Arif Alvi_img_4.jpg,Talat Hussain/9.talat-hussain-joins-geo-tv-watch-his-old-views-about-geo-channel.jpg,1.0205301556168398,0
0,Arif Alvi_img_4.jpg,Talat Hussain/7.one-leg-of-altaf-hussain-has-been-cut-off-talat-hussain-reveals-in-his-column.jpg,0.8578524285048186,0
0,Arif Alvi_img_4.jpg,Talat Hussain/17.B5AL03AU_400x400.jpg,0.9117775824398744,0
0,Arif Alvi_img_4.jpg,Talat Hussain/21.talat-hussain-sach.jpg,0.8541961064284671,0
0,Arif Alvi_img_4.jpg,Talat Hussain/20.500x310_551c4b_PTI-first-auctioned-Prime-minister-house-cars-and-95716.jpg,0.940560776798297,0
0,Arif Alvi_img_4.jpg,Talat Hussain/10.hqdefault.jpg,0.8487666090017703,0
0,Arif Alvi_img_4.jpg,Talat Hussain/14.pic_1527676086.jpg,1.0709724095207902,0
0,Arif Alvi_img_4.jpg,Talat Hussain/13.54fd8a1492ee0.jpg,0.9152778491913857,0
0,Arif Alvi_img_4.jpg,Talat Hussain/23.Talat+Hussain+Photo.jpg,0.9502161853091433,0
0,Arif Alvi_img_4.jpg,Talat Hussain/1.riuj-concerned-over-slanderous-social-media-campaign-against-talat-hussain.jpg,0.9918136778030064,0
0,Arif Alvi_img_4.jpg,Talat Hussain/18.talat-joins-express.jpg,0.8919255151528152,0
0,Arif Alvi_img_4.jpg,Talat Hussain/15.heres-why-talat-hussain-is-leaving-geo.jpg,-1.0,1
0,Arif Alvi_img_4.jpg,Talat Hussain/13.talatt.jpg,0.9709953388826355,0
0,Arif Alvi_img_4.jpg,Talat Hussain/17.talat-13-oct.jpg,0.937971192896645,0
0,Arif Alvi_img_4.jpg,Talat Hussain/7.heres-why-talat-hussain-may-soon-quit-geo.jpg,0.9716184635119158,0
0,Arif Alvi_img_4.jpg,Talat Hussain/2.talat-hussain-comments-on-the-death-of-legend-boxer-muhammad-ali.jpg,0.9134828570785933,0
0,Arif Alvi_img_4.jpg,Talat Hussain/3.Talat20Hussain20001-88-1488485779.jpg,0.9483137528927941,0
0,Arif Alvi_img_4.jpg,Talat Hussain/18.talat-hussain-775x320.jpg,0.9515112433897763,0
0,Arif Alvi_img_4.jpg,Talat Hussain/27.heres-why-talat-hussain-may-soon-quit-geo.jpg,0.9716184635119158,0
0,Arif Alvi_img_4.jpg,Talat Hussain/2.talatt.jpg,0.9709953388826355,0
0,Arif Alvi_img_4.jpg,Talat Hussain/7.l_239272_102755_print-90.jpg,0.8646829742138552,0
0,Arif Alvi_img_4.jpg,Talat Hussain/26.164170_833407_updates.jpg,0.9910213627983242,0
0,Arif Alvi_img_4.jpg,Talat Hussain/24.heres-why-talat-hussain-is-leaving-geo.jpg,-1.0,1
0,Arif Alvi_img_4.jpg,Talat Hussain/2.hqdefault.jpg,0.8418285394410641,0
0,Arif Alvi_img_4.jpg,Talat Hussain/17.164170_833407_updates.jpg,1.0077401412784308,0
0,Arif Alvi_img_4.jpg,Talat Hussain/26.Talat07-12.jpg,0.9404060472407942,0
0,Arif Alvi_img_4.jpg,Talat Hussain/2.Talat-Column.jpg,0.9737014967411753,0
0,Arif Alvi_img_4.jpg,Talat Hussain/23.talat-joins-express.jpg,0.8919255151528152,0
0,Arif Alvi_img_4.jpg,Talat Hussain/18.13138-talathussain-1343820471-538-640x480.jpg,0.8729013386803621,0
0,Arif Alvi_img_4.jpg,Talat Hussain/12.B5AL03AU_400x400.jpg,0.9117775824398744,0
0,Arif Alvi_img_4.jpg,Talat Hussain/5.heres-why-talat-hussain-may-soon-quit-geo.jpg,0.9716184635119158,0
0,Arif Alvi_img_4.jpg,Junaid Jamshed/0022.jpg,0.8640273870538467,0
0,Arif Alvi_img_4.jpg,Junaid Jamshed/00016.jpg,0.9297910936973711,0
0,Arif Alvi_img_4.jpg,Junaid Jamshed/021.jpg,0.7428958924174791,0
0,Arif Alvi_img_4.jpg,Junaid Jamshed/00023.jpg,0.8318761567936347,0
0,Arif Alvi_img_4.jpg,Junaid Jamshed/00049.jpg,0.7555313918533082,0
0,Arif Alvi_img_4.jpg,Junaid Jamshed/000055.jpg,0.8280433336496873,0
0,Arif Alvi_img_4.jpg,Junaid Jamshed/038.jpg,0.7663949915441586,0
0,Arif Alvi_img_4.jpg,Junaid Jamshed/070.jpg,0.8696814628079818,0
0,Arif Alvi_img_4.jpg,Junaid Jamshed/00062.jpg,0.8812224924302743,0
0,Arif Alvi_img_4.jpg,Junaid Jamshed/000017.jpg,0.8008787537785312,0
0,Arif Alvi_img_4.jpg,Junaid Jamshed/000061.jpg,0.8579676983488008,0
0,Arif Alvi_img_4.jpg,Junaid Jamshed/0050.jpg,0.9240025901976631,0
0,Arif Alvi_img_4.jpg,Junaid Jamshed/000034.jpg,0.8389473429742651,0
0,Arif Alvi_img_4.jpg,Junaid Jamshed/0045.jpg,0.8425901762354815,0
0,Arif Alvi_img_4.jpg,Junaid Jamshed/000003.jpg,-1.0,1
0,Arif Alvi_img_4.jpg,Junaid Jamshed/00026.jpg,0.7752160500840566,0
0,Arif Alvi_img_4.jpg,Junaid Jamshed/000004.jpg,0.9941340155795851,0
0,Arif Alvi_img_4.jpg,Junaid Jamshed/000024.jpg,0.8318761567936347,0
0,Arif Alvi_img_4.jpg,Junaid Jamshed/000036.jpg,0.9311516552263682,0
0,Arif Alvi_img_4.jpg,Junaid Jamshed/00065.jpg,0.7984138567625647,0
0,Arif Alvi_img_4.jpg,Junaid Jamshed/0039.jpg,-1.0,1
0,Arif Alvi_img_4.jpg,Junaid Jamshed/0072.jpg,0.9632504868011545,0
0,Arif Alvi_img_4.jpg,Junaid Jamshed/0049.jpg,0.8755134334240203,0
0,Arif Alvi_img_4.jpg,Junaid Jamshed/00046.jpg,-1.0,1
0,Arif Alvi_img_4.jpg,Junaid Jamshed/00004.jpg,0.9941340155795851,0
0,Arif Alvi_img_4.jpg,Junaid Jamshed/000053.jpg,0.9804059227716928,0
0,Arif Alvi_img_4.jpg,Junaid Jamshed/000014.jpg,0.9563595719759296,0
0,Arif Alvi_img_4.jpg,Junaid Jamshed/006.jpg,0.8420561181334169,0
0,Arif Alvi_img_4.jpg,Junaid Jamshed/00027.jpg,0.7945661638300562,0
0,Arif Alvi_img_4.jpg,Junaid Jamshed/0024.jpg,0.855528775797892,0
0,Arif Alvi_img_4.jpg,Junaid Jamshed/000035.jpg,0.8251100041786783,0
0,Arif Alvi_img_4.jpg,Junaid Jamshed/0061.jpg,0.8796765513750205,0
0,Arif Alvi_img_4.jpg,Junaid Jamshed/00055.jpg,0.8467460913098662,0
0,Arif Alvi_img_4.jpg,Junaid Jamshed/041.jpg,0.8745333414895193,0
0,Arif Alvi_img_4.jpg,Junaid Jamshed/000066.jpg,0.7984138567625647,0
0,Arif Alvi_img_4.jpg,Junaid Jamshed/039.jpg,0.8456269090185936,0
0,Arif Alvi_img_4.jpg,Junaid Jamshed/000039.jpg,0.9722225072593783,0
0,Arif Alvi_img_4.jpg,Junaid Jamshed/0000.jpg,0.8008787537785312,0
0,Arif Alvi_img_4.jpg,Junaid Jamshed/00025.jpg,0.924180550729562,0
0,Arif Alvi_img_4.jpg,Junaid Jamshed/0078.jpg,0.7423896475037812,0
0,Arif Alvi_img_4.jpg,Shahid Khaqan Abbasi/3.59ecead0e8c13.jpg,-1.0,1
0,Arif Alvi_img_4.jpg,Shahid Khaqan Abbasi/6.Shahid-Khaqan-Abbasi.jpg,0.8085181466785247,0
0,Arif Alvi_img_4.jpg,Shahid Khaqan Abbasi/1.appellate-tribunal-allows-shahid-khaqan-abbasi-to-contest-polls-1.jpg,1.0093263172328897,0
0,Arif Alvi_img_4.jpg,Shahid Khaqan Abbasi/6.abbasi-feature-750x369.jpg,-1.0,1
0,Arif Alvi_img_4.jpg,Shahid Khaqan Abbasi/8.597e99c1eaa77.jpg,0.9750299815072412,0
0,Arif Alvi_img_4.jpg,Shahid Khaqan Abbasi/6.104618991-GettyImages-183638377.jpg,1.0245535561039123,0
0,Arif Alvi_img_4.jpg,Shahid Khaqan Abbasi/4.Air-Blue-Flight-Takeoff-delay-because-of-Shahid-Khaqan-Abbasi-I-protested-but-no-one-listened-to-me-at-that-time66361.jpg,0.973975435130795,0
0,Arif Alvi_img_4.jpg,Shahid Khaqan Abbasi/5.pkpm2-kaGD--621x414@LiveMint.jpg,1.0514253663901603,0
0,Arif Alvi_img_4.jpg,Shahid Khaqan Abbasi/9.479137_84265800.jpg,1.0054982531017442,0
0,Arif Alvi_img_4.jpg,Shahid Khaqan Abbasi/6.shahid-khaqan-abbasi-story_647_073117101331_080117055115.jpg,0.9647946099017478,0
0,Arif Alvi_img_4.jpg,Shahid Khaqan Abbasi/6.shahid-khaqan-abbasi-1200.jpg,-1.0,1
0,Arif Alvi_img_4.jpg,Shahid Khaqan Abbasi/5.interim_pm.jpg,0.995016050076919,0
0,Arif Alvi_img_4.jpg,Shahid Khaqan Abbasi/1.airblue-shahid-khaqan-abbasi.jpg,1.0143742577764647,0
0,Arif Alvi_img_4.jpg,Shahid Khaqan Abbasi/4.1615788-pmreuters-1516686959.jpg,0.7841647496951014,0
0,Arif Alvi_img_4.jpg,Shahid Khaqan Abbasi/7.Shahid-Khaqan-Abbasi-10.jpg,0.9647946099017478,0
0,Arif Alvi_img_4.jpg,Shahid Khaqan Abbasi/7.nawaz-sharif-meets-pm-shahid-khaqan-abbasi-in-islamabad-1513930090-5093.jpg,-1.0,1
0,Arif Alvi_img_4.jpg,Shahid Khaqan Abbasi/5.227512_9646595_updates.jpg,-1.0,1
0,Arif Alvi_img_4.jpg,Shahid Khaqan Abbasi/2.263731_2576823_updates.jpg,0.8660450091053729,0
0,Arif Alvi_img_4.jpg,Shahid Khaqan Abbasi/2.bcbae24c67c141e0aa1c652b14c56381_18.jpg,0.9367746061233918,0
0,Arif Alvi_img_4.jpg,Shahid Khaqan Abbasi/8.shahid-khaqan-abbasi-1024.jpg,0.9959857924605304,0
0,Arif Alvi_img_4.jpg,Shahid Khaqan Abbasi/7.maxresdefault.jpg,0.953231945292077,0
0,Arif Alvi_img_4.jpg,Shahid Khaqan Abbasi/2.pic_1524471020.jpg,-1.0,1
0,Arif Alvi_img_4.jpg,Shahid Khaqan Abbasi/8.bcbae24c67c141e0aa1c652b14c56381_18.jpg,0.9367746061233918,0
0,Arif Alvi_img_4.jpg,Shahid Khaqan Abbasi/3.39884865_303.jpg,1.0226105213414818,0
0,Arif Alvi_img_4.jpg,Shahid Khaqan Abbasi/2.Shahid-Khaqan-Abbasi-11.jpg,0.8732754305399365,0
0,Arif Alvi_img_4.jpg,Shahid Khaqan Abbasi/1.Shahid-Khaqan-Abbasi.jpg,0.8085181466785247,0
0,Arif Alvi_img_4.jpg,Shahid Khaqan Abbasi/3.shahid-khaqan-abbasi-career-profile-of-the-owner-of-air-blue-biggest-challenger-to-pia-1513929086-6064.jpg,0.9956554454948343,0
0,Arif Alvi_img_4.jpg,Shahid Khaqan Abbasi/8.5b36da7cf1317.jpg,0.8928871656019215,0
0,Arif Alvi_img_4.jpg,Shahid Khaqan Abbasi/9.maxresdefault.jpg,0.8563683565233995,0
0,Arif Alvi_img_4.jpg,Shahid Khaqan Abbasi/6.l_500315_061216_updates.jpg,-1.0,1
0,Arif Alvi_img_4.jpg,Shahid Khaqan Abbasi/9.nab-summons-shahid-khaqan-abbasi-on-feb-8-in-lng-scandal-1549444654-5142.jpg,-1.0,1
0,Arif Alvi_img_4.jpg,Shahid Khaqan Abbasi/7.253131_3664872_updates.jpg,0.9540846989937888,0
0,Arif Alvi_img_4.jpg,Shahid Khaqan Abbasi/1.63911150.jpg,0.9477820532011856,0
0,Arif Alvi_img_4.jpg,Shahid Khaqan Abbasi/4.Shahid-Khaqan-Abbasi-11.jpg,0.8732754305399365,0
0,Arif Alvi_img_4.jpg,Shahid Khaqan Abbasi/6.ed_june28.jpg,0.8532877543384393,0
0,Arif Alvi_img_4.jpg,Shahid Khaqan Abbasi/3.1-11.jpg,0.89036282793305,0
0,Arif Alvi_img_4.jpg,Shahid Khaqan Abbasi/3.253131_3664872_updates.jpg,0.9540846989937888,0
0,Arif Alvi_img_4.jpg,Shahid Khaqan Abbasi/4.shahid-khaqan-Abbasi-AFP.jpg,0.7979235809754119,0
0,Arif Alvi_img_4.jpg,Shahid Khaqan Abbasi/6.shahid-khaqan-abbasi-to-be-shifted-to-hospital-after-his-health-deteriorates-in-jail-1577183742-4318.jpg,1.0481668643384678,0
0,Arif Alvi_img_4.jpg,Shahid Khaqan Abbasi/7.402500_54201024.jpg,0.9753725801039399,0
0,Arif Alvi_img_4.jpg,Arif Alvi/4.247(1).jpg,0.3353716509546426,1
0,Arif Alvi_img_4.jpg,Arif Alvi/7.President-Alvi-Interview-USA-630x315.jpg,0.5127705749746208,0
0,Arif Alvi_img_4.jpg,Arif Alvi/10.2042528-arifalvi-1566808865.jpg,0.553873011681099,0
0,Arif Alvi_img_4.jpg,Arif Alvi/11.arif-alvi-604x270.jpg,0.6598943508465771,0
0,Arif Alvi_img_4.jpg,Arif Alvi/13.2888029.jpg,1.1102230246251565e-16,1
0,Arif Alvi_img_4.jpg,Arif Alvi/4.Arif-Alvi.jpg,0.4633406482343766,1
0,Arif Alvi_img_4.jpg,Arif Alvi/1.1200px-President_of_Pakistan_Dr_Arif_Alvi.jpg,0.56797193218287,0
0,Arif Alvi_img_4.jpg,Arif Alvi/9.pic_1534333310.jpg,0.07759171815224053,1
0,Arif Alvi_img_4.jpg,Arif Alvi/11.DR-ARIF-ALVI-Genrel-Secretry-Pakistan-Tehreek-e-Insaf.jpg,0.6534845104737037,0
0,Arif Alvi_img_4.jpg,Arif Alvi/5.pic_1536996182.jpg,0.07759171815224053,1
0,Arif Alvi_img_4.jpg,Arif Alvi/7.250.jpg,0.479423576202876,1
0,Arif Alvi_img_4.jpg,Arif Alvi/5.Screenshot_5.jpg,0.12707345904935052,1
0,Arif Alvi_img_4.jpg,Arif Alvi/2.811289-arif-alvi-970.jpg,0.6306490701039705,0
0,Arif Alvi_img_4.jpg,Arif Alvi/15.full13660.jpg,0.11827530378816897,1
0,Arif Alvi_img_4.jpg,Arif Alvi/3.220px-President_of_Pakistan_Dr_Arif_Alvi.jpg,0.5523485179755846,0
0,Arif Alvi_img_4.jpg,Arif Alvi/4.304470_36765604-1.jpg,0.4068579522117425,1
0,Arif Alvi_img_4.jpg,Arif Alvi/1.f54096272af8c00acc94e748c5658846.jpg,-1.0,1
0,Arif Alvi_img_4.jpg,Arif Alvi/5.thumbs_b_c_f94350bca509cff0399fafeba61d157d.jpg,0.4553837884050156,1
0,Arif Alvi_img_4.jpg,Arif Alvi/10.hqdefault.jpg,0.8058949413617418,0
0,Arif Alvi_img_4.jpg,Arif Alvi/3.maxresdefault.jpg,-1.0,1
0,Arif Alvi_img_4.jpg,Arif Alvi/2.1200px-President_of_Pakistan_Dr_Arif_Alvi.jpg,0.56797193218287,0
0,Arif Alvi_img_4.jpg,Arif Alvi/8.Arif-Alvi-750x369-750x369.jpg,0.46855833920446377,1
0,Arif Alvi_img_4.jpg,Arif Alvi/2.maxresdefault.jpg,-1.0,1
0,Arif Alvi_img_4.jpg,Arif Alvi/13.twitter-pakistan-president.jpg,0.5865109914762372,0
0,Arif Alvi_img_4.jpg,Arif Alvi/4.2888029.jpg,1.1102230246251565e-16,1
0,Arif Alvi_img_4.jpg,Arif Alvi/6.245839_8959526_updates.jpg,0.4657529367283779,1
0,Arif Alvi_img_4.jpg,Arif Alvi/7.maxresdefault.jpg,0.49919712151630125,1
0,Arif Alvi_img_4.jpg,Arif Alvi/3.AR-190329589.jpg,0.4943646457760478,1
0,Arif Alvi_img_4.jpg,Arif Alvi/13.250.jpg,0.479423576202876,1
0,Arif Alvi_img_4.jpg,Arif Alvi/15.Arif-Alvi-750x369-750x369.jpg,0.46855833920446377,1
0,Arif Alvi_img_4.jpg,Arif Alvi/3.455433_40241121.jpg,0.05254048606864814,1
0,Arif Alvi_img_4.jpg,Arif Alvi/14.arif-alvi-4.jpg,0.4254983536447007,1
0,Arif Alvi_img_4.jpg,Arif Alvi/12.1287736-1650793627.jpg,0.38353596698530623,1
0,Arif Alvi_img_4.jpg,Arif Alvi/4.Arif-Alvi-750x369.jpg,0.4106307184782143,1
0,Arif Alvi_img_4.jpg,Arif Alvi/4.7978433431567305519.jpg,0.4148559586383541,1
0,Arif Alvi_img_4.jpg,Arif Alvi/5.455433_40241121.jpg,0.05254048606864814,1
0,Arif Alvi_img_4.jpg,Arif Alvi/14.alvi.jpg,0.4647278615980087,1
0,Arif Alvi_img_4.jpg,Arif Alvi/12.Arif-Alvi-01-750x369.jpg,0.3215838078129656,1
0,Arif Alvi_img_4.jpg,Arif Alvi/11.president-of-pakistan-5.jpg,0.8225048406917601,0
0,Arif Alvi_img_4.jpg,Arif Alvi/3.Arif-Alvi.jpg,0.4633406482343766,1
0,Arif Alvi_img_4.jpg,Yousaf Raza Gillani/10.Syed-Yousaf-Raza-Gilani-001-41-1490001310.jpg,0.8779120071668376,0
0,Arif Alvi_img_4.jpg,Yousaf Raza Gillani/7.1658495-gilanireu-1520921001.jpg,0.8227738535342559,0
0,Arif Alvi_img_4.jpg,Yousaf Raza Gillani/3.220px-Gillani_2008.jpg,0.8926105434250176,0
0,Arif Alvi_img_4.jpg,Yousaf Raza Gillani/1.220px-Yousaf_Raza_Gilani_2010__28cropped_29.jpg,0.9984843812390267,0
0,Arif Alvi_img_4.jpg,Yousaf Raza Gillani/11.52e08e3e49106.jpg,0.7327350665410097,0
0,Arif Alvi_img_4.jpg,Yousaf Raza Gillani/5.2361318976_97de7960d0.jpg,-1.0,1
0,Arif Alvi_img_4.jpg,Yousaf Raza Gillani/4.yousaf-raza-gillani-abbe46a7-580f-4a7d-84d8-3f23fe30c5a-resize-750.jpg,0.8251015256851482,0
0,Arif Alvi_img_4.jpg,Yousaf Raza Gillani/8.1404748358-7663.jpg,0.8303097540282043,0
0,Arif Alvi_img_4.jpg,Yousaf Raza Gillani/2.Yousaf+Raza+Gillani+Obama+Holds+Bilateral+Bxk-SVy-NpXl.jpg,0.802871194005374,0
0,Arif Alvi_img_4.jpg,Yousaf Raza Gillani/5.Yousuf-Raza-Gillani.jpg,0.857778398379595,0
0,Arif Alvi_img_4.jpg,Yousaf Raza Gillani/7.Syed-Yousaf-Raza-Gilani-001-41-1490001310.jpg,0.8779120071668376,0
0,Arif Alvi_img_4.jpg,Yousaf Raza Gillani/10.yousaf-raza-gillani-940e7b27-a9bf-441e-9051-b6915bf1942-resize-750.jpg,0.8666271729258587,0
0,Arif Alvi_img_4.jpg,Yousaf Raza Gillani/11.Gilani.jpg,0.8617135770460244,0
0,Arif Alvi_img_4.jpg,Yousaf Raza Gillani/6.220px-Yousaf_Raza_Gilani_2010__28cropped_29.jpg,0.9984843812390267,0
0,Arif Alvi_img_4.jpg,Yousaf Raza Gillani/1.ecl-listed-yousuf-raza-gilani-travels-to-cambodia-1574263749-8679.jpg,0.8979283163666201,0
0,Arif Alvi_img_4.jpg,Yousaf Raza Gillani/4.220px-Yousaf_Raza_Gilani_2010__28cropped_29.jpg,0.9984843812390267,0
0,Arif Alvi_img_4.jpg,Yousaf Raza Gillani/2.Yousuf_Raza_Gilani_2106090b.jpg,0.9179936383312538,0
0,Arif Alvi_img_4.jpg,Yousaf Raza Gillani/3.Yousuf-Raza-Gillani.jpg,0.857778398379595,0
0,Arif Alvi_img_4.jpg,Yousaf Raza Gillani/3.52e08e3e49106.jpg,0.7327350665410097,0
0,Arif Alvi_img_4.jpg,Yousaf Raza Gillani/4.Yousaf-Raza-Gillani.jpg,0.8519428786420546,0
0,Arif Alvi_img_4.jpg,Yousaf Raza Gillani/11.gilani-afp_670.jpg,0.7849672131499765,0
0,Arif Alvi_img_4.jpg,Yousaf Raza Gillani/8.220px-Yousaf_Raza_Gilani_2010__28cropped_29.jpg,0.9984843812390267,0
0,Arif Alvi_img_4.jpg,Yousaf Raza Gillani/5.Syed-Yousaf-Raza-Gilani-5.jpg,0.840606705351897,0
0,Arif Alvi_img_4.jpg,Yousaf Raza Gillani/6.four-pms-appeared-in-court-fifth-will-also-come-yousaf-raza-gillani-1540211537-3187.jpg,0.9530868797632178,0
0,Arif Alvi_img_4.jpg,Yousaf Raza Gillani/3.452521_4120401_3_updates.jpg,0.8471832600169162,0
0,Arif Alvi_img_4.jpg,Yousaf Raza Gillani/2.220px-Yousaf_Raza_Gilani_2010__28cropped_29.jpg,0.9984843812390267,0
0,Arif Alvi_img_4.jpg,Yousaf Raza Gillani/2.ecl-listed-yousuf-raza-gilani-travels-to-cambodia-1574263749-8679.jpg,0.8979283163666201,0
0,Arif Alvi_img_4.jpg,Yousaf Raza Gillani/8.yousaf-raza-gillani-940e7b27-a9bf-441e-9051-b6915bf1942-resize-750.jpg,0.8666271729258587,0
0,Arif Alvi_img_4.jpg,Yousaf Raza Gillani/5.190px-Gillani_2008.jpg,0.9564126963771333,0
0,Arif Alvi_img_4.jpg,Yousaf Raza Gillani/10.yousaf-raza-gilani-PM.jpg,0.7919941174678549,0
0,Arif Alvi_img_4.jpg,Yousaf Raza Gillani/8.Yousaf-Raza-Gillani.jpg,0.790930660456928,0
0,Arif Alvi_img_4.jpg,Yousaf Raza Gillani/9.220px-Syed_Gillani_-_World_Economic_Forum_on_the_Middle_East_2008.jpg,0.9415761436269914,0
0,Arif Alvi_img_4.jpg,Yousaf Raza Gillani/10.Syed-Yusuf-Raza-Gilani-1.jpg,0.7600428736390268,0
0,Arif Alvi_img_4.jpg,Yousaf Raza Gillani/11.maxresdefault.jpg,0.9536798681295059,0
0,Arif Alvi_img_4.jpg,Yousaf Raza Gillani/9.220px-Yousaf_Raza_Gilani_2010__28cropped_29.jpg,0.9984843812390267,0
0,Arif Alvi_img_4.jpg,Yousaf Raza Gillani/3.379318_16657039.jpg,0.8475824016822129,0
0,Arif Alvi_img_4.jpg,Yousaf Raza Gillani/11.220px-Yousaf_Raza_Gilani_2010__28cropped_29.jpg,0.9984843812390267,0
0,Arif Alvi_img_4.jpg,Yousaf Raza Gillani/6.Yousaf-Raza-Gillani.jpg,0.790930660456928,0
0,Arif Alvi_img_4.jpg,Yousaf Raza Gillani/6.ecl-listed-yousuf-raza-gilani-travels-to-cambodia-1574263749-8679.jpg,0.8979283163666201,0
0,Arif Alvi_img_4.jpg,Yousaf Raza Gillani/1.banner.jpg,0.8216311208358855,0
0,Arif Alvi_img_4.jpg,Maryam Aurangzeb/6.mar.jpg,-1.0,1
0,Arif Alvi_img_4.jpg,Maryam Aurangzeb/11.hqdefault.jpg,-1.0,1
0,Arif Alvi_img_4.jpg,Maryam Aurangzeb/4.448874_26046014.jpg,0.9582095713735101,0
0,Arif Alvi_img_4.jpg,Maryam Aurangzeb/13.pml-n-spokesperson-maryam-aurangzeb-suggests-a-new-name-for-nab-1546786026-6919.jpg,0.9609168446596489,0
0,Arif Alvi_img_4.jpg,Maryam Aurangzeb/3.5817308aa8327.jpg,0.9517462316220064,0
0,Arif Alvi_img_4.jpg,Maryam Aurangzeb/12.marriyum-twitter.jpg,0.990397652431597,0
0,Arif Alvi_img_4.jpg,Maryam Aurangzeb/3.Marriyum-Aurangzeb-Birth-Education-Parents-Relatives-Political-Party-Career-Constituency-Contact-Facebook-and-Twitter..jpg,0.9607399637650075,0
0,Arif Alvi_img_4.jpg,Maryam Aurangzeb/6.aurangzeb.jpg,0.942398482255083,0
0,Arif Alvi_img_4.jpg,Maryam Aurangzeb/104.586f21d2d4c0c.jpg,0.9517462316220064,0
0,Arif Alvi_img_4.jpg,Maryam Aurangzeb/8.42e88ed7a1edb794b31b658c83cd62f9.jpg,1.042815340453071,0
0,Arif Alvi_img_4.jpg,Maryam Aurangzeb/105.marryam-aurangzaib-app.jpg,0.9367205618056583,0
0,Arif Alvi_img_4.jpg,Maryam Aurangzeb/8.486954_76335560.jpg,0.9805409165381073,0
0,Arif Alvi_img_4.jpg,Maryam Aurangzeb/112.Maryam-Aurangzeb-Montage-Isb-22-11.jpg,1.0647203294752003,0
0,Arif Alvi_img_4.jpg,Maryam Aurangzeb/4.204614_4830394_updates.jpg,-1.0,1
0,Arif Alvi_img_4.jpg,Maryam Aurangzeb/2.pic_1570778256.jpg,0.9681690484153151,0
0,Arif Alvi_img_4.jpg,Maryam Aurangzeb/6.5b1bed424f5bd79906f7d1d1a358b159_XL.jpg,0.9775185617543117,0
0,Arif Alvi_img_4.jpg,Maryam Aurangzeb/3.pic_1562932838.jpg,0.9455708488456308,0
0,Arif Alvi_img_4.jpg,Maryam Aurangzeb/19.3cc601c213add2e454e48da3687492ea_XL.jpg,-1.0,1
0,Arif Alvi_img_4.jpg,Maryam Aurangzeb/12.166093_3892672_updates.jpg,0.9976824081038572,0
0,Arif Alvi_img_4.jpg,Maryam Aurangzeb/4.42e88ed7a1edb794b31b658c83cd62f9.jpg,1.042815340453071,0
0,Arif Alvi_img_4.jpg,Maryam Aurangzeb/2.maxresdefault.jpg,1.05334767298866,0
0,Arif Alvi_img_4.jpg,Maryam Aurangzeb/11.terrorists-have-no-religion-says-maryam-aurangzeb-1498771822-2711.jpg,0.9772759827869126,0
0,Arif Alvi_img_4.jpg,Maryam Aurangzeb/9.lack-of-female-votes-will-void-election-results-marriyum-aurangzeb-6c63caa485807ef08da53f94da4bb533.jpg,1.0042555366168415,0
0,Arif Alvi_img_4.jpg,Maryam Aurangzeb/8.1216842-image-1477946950.jpg,1.013415253985846,0
0,Arif Alvi_img_4.jpg,Maryam Aurangzeb/3.498661_15265416.jpg,0.9783838497100652,0
0,Arif Alvi_img_4.jpg,Maryam Aurangzeb/109.Maryam-Aurangzeb-1.jpg,0.9227261083505534,0
0,Arif Alvi_img_4.jpg,Maryam Aurangzeb/104.APP67-02President-Islamabad.jpg,0.8262329222972133,0
0,Arif Alvi_img_4.jpg,Maryam Aurangzeb/11.maryam-aurangzeb-in-trouble-over-corruption-charges-1531426925-8783.jpg,1.0379645757445264,0
0,Arif Alvi_img_4.jpg,Maryam Aurangzeb/7.pic_1533280270.jpg,-1.0,1
0,Arif Alvi_img_4.jpg,Maryam Aurangzeb/5.Marriyum-Aurangzeb-1-640x426.jpg,0.9974324566711932,0
0,Arif Alvi_img_4.jpg,Maryam Aurangzeb/106.Maryam-Aurangzeb-Montage-Isb-22-11.jpg,1.0647203294752003,0
0,Arif Alvi_img_4.jpg,Maryam Aurangzeb/5.8a69fe0f90fc9855ca34d61e5f84af53.jpg,-1.0,1
0,Arif Alvi_img_4.jpg,Maryam Aurangzeb/5.info-minister-marriyam-aurangzeb.jpg,0.9955609381069543,0
0,Arif Alvi_img_4.jpg,Maryam Aurangzeb/109.information-minister-maryam-aura-400x300.jpg,0.9451224005933525,0
0,Arif Alvi_img_4.jpg,Maryam Aurangzeb/104.CwGCkCHWIAAnFmN.jpg,0.9634051045555512,0
0,Arif Alvi_img_4.jpg,Maryam Aurangzeb/2.pic_1562153813.jpg,0.9968839269119963,0
0,Arif Alvi_img_4.jpg,Maryam Aurangzeb/13.40520a6c18bcc88f95c22e99e163281a.jpg,0.9582945860516303,0
0,Arif Alvi_img_4.jpg,Maryam Aurangzeb/105.maryam.jpg,0.9505488392810874,0
0,Arif Alvi_img_4.jpg,Maryam Aurangzeb/113.Mariam-aurangzeb-22nd-NOV-630x315.jpg,-1.0,1
0,Arif Alvi_img_4.jpg,Maryam Aurangzeb/114.8A8BE175-36D7-49BC-B1FB-2FA7CDBB84CD.jpg,0.8650726993678576,0
0,Arif Alvi_img_4.jpg,Asad Qaiser/25.1535615911_118.jpg,0.7610562794930247,0
0,Arif Alvi_img_4.jpg,Asad Qaiser/2.National-Assembly-Speaker-Asad-Qaiser.jpg,0.8347086827790378,0
0,Arif Alvi_img_4.jpg,Asad Qaiser/5.National-Assembly-Speaker-Asad-Qaiser.jpg,0.8347086827790378,0
0,Arif Alvi_img_4.jpg,Asad Qaiser/17.pic_1570189787.jpg,0.8933929886383178,0
0,Arif Alvi_img_4.jpg,Asad Qaiser/2.514939_6916806_13_updates.jpg,0.9493553314338304,0
0,Arif Alvi_img_4.jpg,Asad Qaiser/27.asad-qaiser-pak-759.jpg,0.8500725855701292,0
0,Arif Alvi_img_4.jpg,Asad Qaiser/7.Asad-Qaiser.jpg,0.8240103307704687,0
0,Arif Alvi_img_4.jpg,Asad Qaiser/16.pic_1548694957.jpg,0.8455170876339181,0
0,Arif Alvi_img_4.jpg,Asad Qaiser/9.6860342541534329637.jpg,0.9280977082985323,0
0,Arif Alvi_img_4.jpg,Asad Qaiser/10.asad_qaiser.jpg,-1.0,1
0,Arif Alvi_img_4.jpg,Asad Qaiser/22.6860342541534329637.jpg,0.9280977082985323,0
0,Arif Alvi_img_4.jpg,Asad Qaiser/24.asad-qaisar.jpg,0.8288098436499998,0
0,Arif Alvi_img_4.jpg,Asad Qaiser/35.mycustomerservicenumbers.com_-3.jpg,-1.0,1
0,Arif Alvi_img_4.jpg,Asad Qaiser/7.11081456_10152943831440528_1573601857138582099_n.jpg,0.8813870050981649,0
0,Arif Alvi_img_4.jpg,Asad Qaiser/2.na-speaker-cancels-all-standing-committee-sessions-1562662254-5613.jpg,0.9203894594206883,0
0,Arif Alvi_img_4.jpg,Asad Qaiser/30.Asad-Qaiser.jpg,0.8985599942390056,0
0,Arif Alvi_img_4.jpg,Asad Qaiser/36.Asad-Qaiser-1.jpg,0.7205395233267375,0
0,Arif Alvi_img_4.jpg,Asad Qaiser/4.Asad-Qaiser-750x369.jpg,0.8636784681155155,0
0,Arif Alvi_img_4.jpg,Asad Qaiser/12.Asad-Qaiser.jpg,0.8985599942390056,0
0,Arif Alvi_img_4.jpg,Asad Qaiser/41.Asad-Qaisar-Talk-Isb-18-03-640x422.jpg,-1.0,1
0,Arif Alvi_img_4.jpg,Asad Qaiser/25.2130526-asadqaiser-1578199266-823-640x480.jpg,0.8456633808404151,0
0,Arif Alvi_img_4.jpg,Asad Qaiser/8.Asad-Qaiser-750x369.jpg,0.8636784681155155,0
0,Arif Alvi_img_4.jpg,Asad Qaiser/26.Asad-Qaisar-Talk-Isb-18-03-640x422.jpg,-1.0,1
0,Arif Alvi_img_4.jpg,Asad Qaiser/27.223.jpg,0.9185820621202171,0
0,Arif Alvi_img_4.jpg,Asad Qaiser/7.Asad-Qaiser-750x369.jpg,0.8636784681155155,0
0,Arif Alvi_img_4.jpg,Asad Qaiser/16.517763_92485134.jpg,0.7070463041127064,0
0,Arif Alvi_img_4.jpg,Asad Qaiser/14.Asad-Qaiser-750x369.jpg,0.8636784681155155,0
0,Arif Alvi_img_4.jpg,Asad Qaiser/12.Asad-Qaiser-.jpg,0.7881155302746219,0
0,Arif Alvi_img_4.jpg,Asad Qaiser/25.C7RjiJYV0AAl_LV.jpg,-1.0,1
0,Arif Alvi_img_4.jpg,Asad Qaiser/21.03-8.jpg,-1.0,1
0,Arif Alvi_img_4.jpg,Asad Qaiser/1.Asad-Qaisar-Talk-Isb-18-03-640x422.jpg,-1.0,1
0,Arif Alvi_img_4.jpg,Asad Qaiser/11.what-is-the-difference-b-w-kp-assembly-and-national-assembly-speakership-know-from-asad-qaiser.jpg,0.8804634616007904,0
0,Arif Alvi_img_4.jpg,Asad Qaiser/6.C7RjiJYV0AAl_LV.jpg,-1.0,1
0,Arif Alvi_img_4.jpg,Asad Qaiser/1.5c5693bbbc10d.jpg,-1.0,1
0,Arif Alvi_img_4.jpg,Asad Qaiser/39.diamer-bhasha-dam-fund-speaker-na-asad-qaiser-makes-donation-upon-pm-appeal-1536492545-6733.jpg,-1.0,1
0,Arif Alvi_img_4.jpg,Asad Qaiser/3.Asad-Qaisar-talks.jpg,-1.0,1
0,Arif Alvi_img_4.jpg,Asad Qaiser/37.pic_1548788026.jpg,0.7630112101156966,0
0,Arif Alvi_img_4.jpg,Asad Qaiser/10.news-1490138057-5333.jpg,0.8214716512292336,0
0,Arif Alvi_img_4.jpg,Asad Qaiser/20.Asad-Qaisar-Talk-Isb-18-03-640x422.jpg,-1.0,1
0,Arif Alvi_img_4.jpg,Asad Qaiser/20.Asad-Qaisar-1.jpg,0.8223760630520764,0
0,Arif Alvi_img_4.jpg,Ijaz Ahmad shah/8.5c9df8873712c.jpg,0.8278090105483157,0
0,Arif Alvi_img_4.jpg,Ijaz Ahmad shah/4.ijaz-shah-750x369.jpg,0.9943603727891549,0
0,Arif Alvi_img_4.jpg,Ijaz Ahmad shah/5.ijaz-ahmed-shah-new-federal-minister-750x369.jpg,0.9496260320839995,0
0,Arif Alvi_img_4.jpg,Ijaz Ahmad shah/23.c13222ce89658e20639997187f153ec1.jpg,0.9627992567623509,0
0,Arif Alvi_img_4.jpg,Ijaz Ahmad shah/7.234643_7058764_updates.jpg,0.9522452618411068,0
0,Arif Alvi_img_4.jpg,Ijaz Ahmad shah/24.18297873361573614929.jpg,0.9669083175912304,0
0,Arif Alvi_img_4.jpg,Ijaz Ahmad shah/7.ijaz-shah-takes-charge-as-interior-minister-1555651083-1814.jpg,-1.0,1
0,Arif Alvi_img_4.jpg,Ijaz Ahmad shah/12.pic_1567164419.jpg,-1.0,1
0,Arif Alvi_img_4.jpg,Ijaz Ahmad shah/2.Ijaz-Shah-508x360.jpg,0.9294302172050952,0
0,Arif Alvi_img_4.jpg,Ijaz Ahmad shah/4.5c9df8873712c.jpg,0.8278090105483157,0
0,Arif Alvi_img_4.jpg,Ijaz Ahmad shah/7.d0c9560e7942de4467f99b287c7800b8_XL.jpg,0.9188606619703875,0
0,Arif Alvi_img_4.jpg,Ijaz Ahmad shah/13.Ijaz-Ahmed-Shah.jpg,0.9872455282091,0
0,Arif Alvi_img_4.jpg,Ijaz Ahmad shah/21.20390601101568226197.jpg,0.9543957023973769,0
0,Arif Alvi_img_4.jpg,Ijaz Ahmad shah/7.cB54P1DQ_400x400.jpg,0.9732440315691167,0
0,Arif Alvi_img_4.jpg,Ijaz Ahmad shah/4.l_450671_062255_updates.jpg,0.9135270482402129,0
0,Arif Alvi_img_4.jpg,Ijaz Ahmad shah/16.5ddc0d3453441.jpg,0.9643691005159523,0
0,Arif Alvi_img_4.jpg,Ijaz Ahmad shah/10.0avlap1_pak-minister-ijaz-ahmed_625x300_12_September_19.jpg,0.9405884252340946,0
0,Arif Alvi_img_4.jpg,Ijaz Ahmad shah/11.pic_1568902933.jpg,1.006310224936279,0
0,Arif Alvi_img_4.jpg,Ijaz Ahmad shah/9.Ijaz-Shah-750x369.jpg,0.8880947958131052,0
0,Arif Alvi_img_4.jpg,Ijaz Ahmad shah/22.maxresdefault.jpg,1.0053606663190968,0
0,Arif Alvi_img_4.jpg,Ijaz Ahmad shah/4.5ca42052019f4.jpg,0.8206593270794553,0
0,Arif Alvi_img_4.jpg,Ijaz Ahmad shah/22.Brig_Ijaz_Ahmed_Shah.jpg,1.004725948604086,0
0,Arif Alvi_img_4.jpg,Ijaz Ahmad shah/2.Ijaz-Ahmed-Shah.jpg,0.930816102303666,0
0,Arif Alvi_img_4.jpg,Ijaz Ahmad shah/24.Ejaz-Shah-750x369-750x369.jpg,0.9366086236887629,0
0,Arif Alvi_img_4.jpg,Ijaz Ahmad shah/3.ijaz-ahmed-750x369.jpg,0.9496260320839995,0
0,Arif Alvi_img_4.jpg,Ijaz Ahmad shah/17.cB54P1DQ_400x400.jpg,0.9732440315691167,0
0,Arif Alvi_img_4.jpg,Ijaz Ahmad shah/2.ijaz-shah-750x369.jpg,0.9943603727891549,0
0,Arif Alvi_img_4.jpg,Ijaz Ahmad shah/19.cB54P1DQ_400x400.jpg,0.9732440315691167,0
0,Arif Alvi_img_4.jpg,Ijaz Ahmad shah/8.modi-not-serious-on-kashmir-says-ijaz-shah-1569875054-5797.jpg,-1.0,1
0,Arif Alvi_img_4.jpg,Ijaz Ahmad shah/5.d0c9560e7942de4467f99b287c7800b8_XL.jpg,0.9188606619703875,0
0,Arif Alvi_img_4.jpg,Ijaz Ahmad shah/17.1739321-1451080580.jpg,0.9546799188817818,0
0,Arif Alvi_img_4.jpg,Ijaz Ahmad shah/5.5ca42052019f4.jpg,0.8206593270794553,0
0,Arif Alvi_img_4.jpg,Ijaz Ahmad shah/18.1739321-1451080580.jpg,0.9546799188817818,0
0,Arif Alvi_img_4.jpg,Ijaz Ahmad shah/16.pic_1568222122.jpg,1.0061441945100884,0
0,Arif Alvi_img_4.jpg,Ijaz Ahmad shah/12.Ijaz-Ahmed-Shah.jpg,0.9463644835242888,0
0,Arif Alvi_img_4.jpg,Ijaz Ahmad shah/3.Ijaz-Ahmed-Shah.jpg,0.930816102303666,0
0,Arif Alvi_img_4.jpg,Ijaz Ahmad shah/3.5ca42052019f4.jpg,0.8206593270794553,0
0,Arif Alvi_img_4.jpg,Ijaz Ahmad shah/16.11219243511579487401.jpg,0.9423029599846612,0
0,Arif Alvi_img_4.jpg,Ijaz Ahmad shah/8.234643_7058764_updates.jpg,0.9522452618411068,0
0,Arif Alvi_img_4.jpg,Ijaz Ahmad shah/9.ijaz-shah-takes-charge-as-interior-minister-1555651083-1814.jpg,-1.0,1
0,Arif Alvi_img_4.jpg,Ahsan Iqbal/4.AI-nice.jpg,0.9000770209388933,0
0,Arif Alvi_img_4.jpg,Ahsan Iqbal/9.EIS-web-banner2.jpg,0.8731502287255861,0
0,Arif Alvi_img_4.jpg,Ahsan Iqbal/10.pic_1525256076.jpg,0.6599307965696104,0
0,Arif Alvi_img_4.jpg,Ahsan Iqbal/7.Ahsan_Iqbal-1.jpg,0.8563039393010188,0
0,Arif Alvi_img_4.jpg,Ahsan Iqbal/6.300288feb2f047fb8eb99c972e8ba146_18.jpg,0.8782538415796419,0
0,Arif Alvi_img_4.jpg,Ahsan Iqbal/7.ahsan-iqbal-sees-cpec-as-game-changer-for-pakistan-ba3b0b526736d4a6c2e2b4f3c8729932.jpg,0.8936544257793607,0
0,Arif Alvi_img_4.jpg,Ahsan Iqbal/6.xahsan-iqbal.jpg,0.8303603467629013,0
0,Arif Alvi_img_4.jpg,Ahsan Iqbal/3.pic_1577101901.jpg,0.8528958341183692,0
0,Arif Alvi_img_4.jpg,Ahsan Iqbal/6.pic_1514372574_1.jpg,0.8559960291344348,0
0,Arif Alvi_img_4.jpg,Ahsan Iqbal/10.429850_37918351.jpg,0.8425375288180296,0
0,Arif Alvi_img_4.jpg,Ahsan Iqbal/7.1745575-ahsaniqbal-1530254332.jpg,0.8587492688429532,0
0,Arif Alvi_img_4.jpg,Ahsan Iqbal/9.2104033-ahsaniqbal-1574342051.jpg,0.8319614757740319,0
0,Arif Alvi_img_4.jpg,Ahsan Iqbal/2.Ahsan-Iqbal.jpg,0.8023916588006039,0
0,Arif Alvi_img_4.jpg,Ahsan Iqbal/5.images-11.jpg,0.7983426971370329,0
0,Arif Alvi_img_4.jpg,Ahsan Iqbal/8.Ahsan_Iqbal-3.jpg,0.9011632266723929,0
0,Arif Alvi_img_4.jpg,Ahsan Iqbal/4.2123372-AhsanIqbalPHOTOZafarAslam-1577101635.jpg,0.9003155093160967,0
0,Arif Alvi_img_4.jpg,Ahsan Iqbal/8.Ahsan1.jpg,0.8826722280506281,0
0,Arif Alvi_img_4.jpg,Ahsan Iqbal/3.pic_1519838932.jpg,0.7083478731169885,0
0,Arif Alvi_img_4.jpg,Ahsan Iqbal/2.hqdefault.jpg,0.848695831804399,0
0,Arif Alvi_img_4.jpg,Ahsan Iqbal/6.APP28-17Lahore.jpg,-1.0,1
0,Arif Alvi_img_4.jpg,Ahsan Iqbal/2.Ahsan-Iqbal1.jpg,0.7852629097597833,0
0,Arif Alvi_img_4.jpg,Ahsan Iqbal/8.Assets-Beyond-Means-NAB-Goes-After-PMLNs-Ahsan-Iqbal-640x336.jpg,0.8653830994508358,0
0,Arif Alvi_img_4.jpg,Ahsan Iqbal/9.194290_7739239_updates-700x394.jpg,0.7815323564637008,0
0,Arif Alvi_img_4.jpg,Ahsan Iqbal/7.7fa85599bcf7a57fdbf46888667c8770.jpg,0.937494705270305,0
0,Arif Alvi_img_4.jpg,Ahsan Iqbal/9.Halaat-kharab-kerne-main-kuch-siasat-dan-mulawis-thay-mere-ghar-par-hamla-kiya-gaya-jis-ki-qiyadat-PTI-Narowal-ke-sadar-ne-ki-thi-Ahsan-Iqbal169238.jpg,0.8642537140910801,0
0,Arif Alvi_img_4.jpg,Ahsan Iqbal/5.rtx5sjp6-1.jpg,-1.0,1
0,Arif Alvi_img_4.jpg,Ahsan Iqbal/10.520142_90333999.jpg,0.9096497616671829,0
0,Arif Alvi_img_4.jpg,Ahsan Iqbal/5.MA-AHSAN-IQBAL-PTV-RBPR-21-07.jpg,0.8456024864006871,0
0,Arif Alvi_img_4.jpg,Ahsan Iqbal/11.ahsan-iqbal-2.jpg,-1.0,1
0,Arif Alvi_img_4.jpg,Ahsan Iqbal/5.1525658199-7139.jpg,0.8232146917329064,0
0,Arif Alvi_img_4.jpg,Ahsan Iqbal/6.Ahsan-Iqbal-4.jpg,0.8250300408208063,0
0,Arif Alvi_img_4.jpg,Ahsan Iqbal/5.Ahsan-Iqbal-248x300.jpg,0.9349069765428598,0
0,Arif Alvi_img_4.jpg,Ahsan Iqbal/1.409605_92480203.jpg,0.9586379703004257,0
0,Arif Alvi_img_4.jpg,Ahsan Iqbal/1.Ahsan-Iqbal-640x480.jpg,0.7997360460719878,0
0,Arif Alvi_img_4.jpg,Ahsan Iqbal/5.AHSANIQBAL-750x369-1.jpg,0.8290284479987422,0
0,Arif Alvi_img_4.jpg,Ahsan Iqbal/8.Ahsan-Iqbal-750x430.jpg,0.8996012172392304,0
0,Arif Alvi_img_4.jpg,Ahsan Iqbal/2.pic_1570881779.jpg,0.8893680677968359,0
0,Arif Alvi_img_4.jpg,Ahsan Iqbal/5.Ahsan-Iqbal-750x430.jpg,0.8996012172392304,0
0,Arif Alvi_img_4.jpg,Ahsan Iqbal/3.rtx5sjp6-1.jpg,-1.0,1
0,Arif Alvi_img_4.jpg,Ahsan Iqbal/3.Ahsan-Iqbal.jpg,0.7940532692193887,0
0,Arif Alvi_img_4.jpg,Unknown/26.ff53d0f634f4f998fb34b39f99ac392f.jpg,0.9105075364267321,0
0,Arif Alvi_img_4.jpg,Unknown/1.Yakhshi-Saleem_ucp_fmcs.jpg,1.0392168043530559,0
0,Arif Alvi_img_4.jpg,Unknown/1.ff53d0f634f4f998fb34b39f99ac392f.jpg,0.9105075364267321,0
0,Arif Alvi_img_4.jpg,Unknown/37.RB-N7-07-12-19.jpg,0.7595724879461605,0
0,Arif Alvi_img_4.jpg,Unknown/27.Sharjeel-Memon-1.jpg,0.962324261596606,0
0,Arif Alvi_img_4.jpg,Unknown/22.Kubra-Khan-324x160.jpg,0.9694263798230474,0
0,Arif Alvi_img_4.jpg,Unknown/34.page_1_thumb_large.jpg,0.8944812339446897,0
0,Arif Alvi_img_4.jpg,Unknown/30.marvi-sirmed-files-application-for-case-against-hafiz-hamdullah-1465659405-3343.jpg,0.9053721542649714,0
0,Arif Alvi_img_4.jpg,Unknown/27.nido-lead-696x418.jpg,-1.0,1
0,Arif Alvi_img_4.jpg,Unknown/2.8UvjX0GV_400x400.jpg,0.8847018433793701,0
0,Arif Alvi_img_4.jpg,Unknown/26.muhmmad-zubair.jpg,0.7762865972737986,0
0,Arif Alvi_img_4.jpg,Unknown/35.01Anis-Haroon03-11.jpg,0.9259155730598622,0
0,Arif Alvi_img_4.jpg,Unknown/22.maxresdefault.jpg,-1.0,1
0,Arif Alvi_img_4.jpg,Unknown/36.b88933846z1_20170822190326_000gh3okpvg2-0-9gp4n7n0fvd6c7dlso2_t1880.jpg,0.7666873613607637,0
0,Arif Alvi_img_4.jpg,Unknown/29.YKb6blXa_400x400.jpg,0.9098491111106815,0
0,Arif Alvi_img_4.jpg,Unknown/3.Muhammad_Aleem_Khan.jpg,0.7778623460009004,0
0,Arif Alvi_img_4.jpg,Unknown/7.maxresdefault.jpg,0.8813345813834762,0
0,Arif Alvi_img_4.jpg,Unknown/37.Dr-noor_ucp_fmcs.jpg,0.8155016591083355,0
0,Arif Alvi_img_4.jpg,Unknown/1.VoJ11K4r_400x400.jpg,-1.0,1
0,Arif Alvi_img_4.jpg,Unknown/34.irfan-khan-1549632514-8661.jpg,0.9310679780550104,0
0,Arif Alvi_img_4.jpg,Unknown/1.aleem.jpg,0.9338914399242213,0
0,Arif Alvi_img_4.jpg,Unknown/10.byRRouWu_400x400.jpg,0.879387691721933,0
0,Arif Alvi_img_4.jpg,Unknown/38.5c5ce346854ef.jpg,0.8338384490242203,0
0,Arif Alvi_img_4.jpg,Unknown/31.ishratsaleem.jpg,0.8151788728537532,0
0,Arif Alvi_img_4.jpg,Unknown/5.DLZhjZMX.jpg,0.817274914703971,0
0,Arif Alvi_img_4.jpg,Unknown/6.764a69a0c8232177b93636a541f6178d.jpg,0.9357255147774581,0
0,Arif Alvi_img_4.jpg,Unknown/24.pp38.jpg,1.0055811461484463,0
0,Arif Alvi_img_4.jpg,Unknown/10.1778802-manshax-1534052867-219-640x480.jpg,0.9660765295057208,0
0,Arif Alvi_img_4.jpg,Unknown/25.48981_1_95823.jpg,0.8322669896697188,0
0,Arif Alvi_img_4.jpg,Unknown/14.hAhw2Qi2_400x400.jpg,0.9410754074782863,0
0,Arif Alvi_img_4.jpg,Unknown/1.636753931581232459123.jpg,0.9455561581776002,0
0,Arif Alvi_img_4.jpg,Unknown/33.avatars-000328918736-7gs8i9-t500x500.jpg,0.7985860314762965,0
0,Arif Alvi_img_4.jpg,Unknown/10.jk1.jpg,0.9267386154243045,0
0,Arif Alvi_img_4.jpg,Unknown/34.58e448391a588.jpg,0.8323980982941712,0
0,Arif Alvi_img_4.jpg,Unknown/34.B7IeRISIUAEk_uc.jpg,0.9501144297393006,0
0,Arif Alvi_img_4.jpg,Unknown/6.momina-kokokorina.jpg,0.8897094518909605,0
0,Arif Alvi_img_4.jpg,Unknown/37.Dr-Syed-Abdul-Aleem_23563.jpg,0.7719099098870634,0
0,Arif Alvi_img_4.jpg,Unknown/38.782488-1857257-aleemakhanx-1543557398-843-640x480.jpg,-1.0,1
0,Arif Alvi_img_4.jpg,Unknown/1.pp85.jpg,0.9551622648750088,0
0,Arif Alvi_img_4.jpg,Unknown/28.Dr.-Nadeem-Inayat.jpg,0.992799664948938,0
0,Arif Alvi_img_4.jpg,Siraj Ul-Haq/4.pic_1564759844.jpg,0.9140098591876333,0
0,Arif Alvi_img_4.jpg,Siraj Ul-Haq/4.24.jpg,0.9549337881353123,0
0,Arif Alvi_img_4.jpg,Siraj Ul-Haq/7.Women-can-be-empowered-by-granting-them-rights-Sirajul-Haq.jpg,0.9536497669364584,0
0,Arif Alvi_img_4.jpg,Siraj Ul-Haq/7.Siraj-750x369.jpg,0.7806293911674209,0
0,Arif Alvi_img_4.jpg,Siraj Ul-Haq/8.pic_1571497957.jpg,0.9140946809466521,0
0,Arif Alvi_img_4.jpg,Siraj Ul-Haq/3.JI-eyeing-a-million-votes.jpg,0.8086835340969338,0
0,Arif Alvi_img_4.jpg,Siraj Ul-Haq/4.JI-eyeing-a-million-votes.jpg,0.8086835340969338,0
0,Arif Alvi_img_4.jpg,Siraj Ul-Haq/6.5633_135079866660403_2100818772_n.jpg,0.8826069718049679,0
0,Arif Alvi_img_4.jpg,Siraj Ul-Haq/4.hqdefault.jpg,-1.0,1
0,Arif Alvi_img_4.jpg,Siraj Ul-Haq/6.ali-alizada-640x330-3-850x450.jpg,1.0419221722740524,0
0,Arif Alvi_img_4.jpg,Siraj Ul-Haq/6.nation-stands-shoulder-to-shoulder-with-valiant-army-siraj-a0c89f20110f779a22a04ec6b33fa7f5.jpg,0.856648665730707,0
0,Arif Alvi_img_4.jpg,Siraj Ul-Haq/5.ji-is-not-a-puppet-of-the-opposition-sirajul-haq-1534164125-2026.jpg,0.8659102821077012,0
0,Arif Alvi_img_4.jpg,Siraj Ul-Haq/3.Siraj-ul-Haq.jpg,0.8802440177965895,0
0,Arif Alvi_img_4.jpg,Siraj Ul-Haq/3.ji-chief-siraj-ul-haq-.jpg,0.9246563725714365,0
0,Arif Alvi_img_4.jpg,Siraj Ul-Haq/8.pic_1560535591.jpg,0.9465073067687931,0
0,Arif Alvi_img_4.jpg,Siraj Ul-Haq/5.Sirajul-Haq-2.jpg,0.7597595103041934,0
0,Arif Alvi_img_4.jpg,Siraj Ul-Haq/7.1535206-sirajulhaq-1508356312.jpg,-1.0,1
0,Arif Alvi_img_4.jpg,Siraj Ul-Haq/8.c747c7907a75686fbb72b390cac67000_XL.jpg,-1.0,1
0,Arif Alvi_img_4.jpg,Siraj Ul-Haq/5.a83d81b175705148e1c6cd3b793837b3.jpg,0.8568837573100897,0
0,Arif Alvi_img_4.jpg,Siraj Ul-Haq/3.Sirajul-Haq-JI-Ameer-1-750x369.jpg,0.7812825434981284,0
0,Arif Alvi_img_4.jpg,Siraj Ul-Haq/3.siraj-ul-haq-1.jpg,0.8086835340969338,0
0,Arif Alvi_img_4.jpg,Siraj Ul-Haq/8.508115_42954620.jpg,0.9327615060190695,0
0,Arif Alvi_img_4.jpg,Siraj Ul-Haq/7.5b2e4d53e13b4.jpg,0.7937519317839662,0
0,Arif Alvi_img_4.jpg,Siraj Ul-Haq/6.Siraj-Ul-Haq.1.jpg,-1.0,1
0,Arif Alvi_img_4.jpg,Siraj Ul-Haq/6.pic_1564161674.jpg,1.0438573951193344,0
0,Arif Alvi_img_4.jpg,Siraj Ul-Haq/5.754331-SirajulHaq-1409129545-364-640x4801.jpg,0.9814940926765003,0
0,Arif Alvi_img_4.jpg,Siraj Ul-Haq/4.pic_1572521321.jpg,0.9676640361751196,0
0,Arif Alvi_img_4.jpg,Siraj Ul-Haq/6.1523957062_309.jpg,0.9095466233520363,0
0,Arif Alvi_img_4.jpg,Siraj Ul-Haq/8.Siraj-ul-Haq.jpg,0.8185405354231081,0
0,Arif Alvi_img_4.jpg,Siraj Ul-Haq/2.siraj-ul-haq-ji.jpg,0.8825893293186858,0
0,Arif Alvi_img_4.jpg,Siraj Ul-Haq/3.t1pNRQI__400x400.jpg,0.9175709755308014,0
0,Arif Alvi_img_4.jpg,Siraj Ul-Haq/8.Sirajul-Haq-Lahore-Convention-Speech.jpg,0.8458773501089919,0
0,Arif Alvi_img_4.jpg,Siraj Ul-Haq/4.pic_1531333188.jpg,0.9643153260443973,0
0,Arif Alvi_img_4.jpg,Siraj Ul-Haq/6.maxresdefault.jpg,0.8434954997764315,0
0,Arif Alvi_img_4.jpg,Siraj Ul-Haq/7.230228_49186425.jpg,0.9170277250936946,0
0,Arif Alvi_img_4.jpg,Siraj Ul-Haq/1.189907_1945893_updates.jpg,0.9517239101830581,0
0,Arif Alvi_img_4.jpg,Siraj Ul-Haq/1.1406147621-5528.jpg,0.8226846099916643,0
0,Arif Alvi_img_4.jpg,Siraj Ul-Haq/4.t1pNRQI__400x400.jpg,0.9175709755308014,0
0,Arif Alvi_img_4.jpg,Siraj Ul-Haq/1.JI-eyeing-a-million-votes.jpg,0.8086835340969338,0
0,Arif Alvi_img_4.jpg,Siraj Ul-Haq/5.t1pNRQI__400x400.jpg,0.9175709755308014,0
0,Arif Alvi_img_4.jpg,Zulfikar Ali Bhutto/00000052.jpg,0.8887975999303802,0
0,Arif Alvi_img_4.jpg,Zulfikar Ali Bhutto/00000003.jpg,-1.0,1
0,Arif Alvi_img_4.jpg,Zulfikar Ali Bhutto/00000016 (3).jpg,0.9116208211061545,0
0,Arif Alvi_img_4.jpg,Zulfikar Ali Bhutto/00000018 (2).jpg,0.9288817206642319,0
0,Arif Alvi_img_4.jpg,Zulfikar Ali Bhutto/00000010 (6).jpg,0.9325196987409011,0
0,Arif Alvi_img_4.jpg,Zulfikar Ali Bhutto/00000026 (3).jpg,0.9989408477957429,0
0,Arif Alvi_img_4.jpg,Zulfikar Ali Bhutto/00000026 (4).jpg,-1.0,1
0,Arif Alvi_img_4.jpg,Zulfikar Ali Bhutto/00000051 (4).jpg,0.9757019723323079,0
0,Arif Alvi_img_4.jpg,Zulfikar Ali Bhutto/00000036.jpg,0.8394712169575792,0
0,Arif Alvi_img_4.jpg,Zulfikar Ali Bhutto/00000044 (4).jpg,0.9573308897421551,0
0,Arif Alvi_img_4.jpg,Zulfikar Ali Bhutto/00000019 (2).jpg,0.814551383336115,0
0,Arif Alvi_img_4.jpg,Zulfikar Ali Bhutto/00000032 (2).jpg,0.7314600195327559,0
0,Arif Alvi_img_4.jpg,Zulfikar Ali Bhutto/00000000 (3).jpg,0.8895764992790961,0
0,Arif Alvi_img_4.jpg,Zulfikar Ali Bhutto/00000008 (3).jpg,0.901967458975194,0
0,Arif Alvi_img_4.jpg,Zulfikar Ali Bhutto/00000000.jpg,0.9600701584229661,0
0,Arif Alvi_img_4.jpg,Zulfikar Ali Bhutto/00000004.jpg,0.8915345384483764,0
0,Arif Alvi_img_4.jpg,Zulfikar Ali Bhutto/00000054 (2).jpg,0.875968864135592,0
0,Arif Alvi_img_4.jpg,Zulfikar Ali Bhutto/00000034.jpg,-1.0,1
0,Arif Alvi_img_4.jpg,Zulfikar Ali Bhutto/00000002 (2).jpg,-1.0,1
0,Arif Alvi_img_4.jpg,Zulfikar Ali Bhutto/00000048 (2).jpg,0.7103722272634589,0
0,Arif Alvi_img_4.jpg,Zulfikar Ali Bhutto/00000018.jpg,0.9756433767328319,0
0,Arif Alvi_img_4.jpg,Zulfikar Ali Bhutto/00000001 (3).jpg,0.7314600195327559,0
0,Arif Alvi_img_4.jpg,Zulfikar Ali Bhutto/00000013 (5).jpg,0.9120655624358529,0
0,Arif Alvi_img_4.jpg,Zulfikar Ali Bhutto/00000037 (3).jpg,0.7314600195327559,0
0,Arif Alvi_img_4.jpg,Zulfikar Ali Bhutto/00000022 (2).jpg,0.971039242405651,0
0,Arif Alvi_img_4.jpg,Zulfikar Ali Bhutto/00000023 (4).jpg,0.8523130265240388,0
0,Arif Alvi_img_4.jpg,Zulfikar Ali Bhutto/00000034 (5).jpg,-1.0,1
0,Arif Alvi_img_4.jpg,Zulfikar Ali Bhutto/00000044 (5).jpg,0.8600313572899467,0
0,Arif Alvi_img_4.jpg,Zulfikar Ali Bhutto/00000001 (2).jpg,0.8162655978734576,0
0,Arif Alvi_img_4.jpg,Zulfikar Ali Bhutto/00000008 (4).jpg,0.866340750254976,0
0,Arif Alvi_img_4.jpg,Zulfikar Ali Bhutto/00000007 (2).jpg,0.9791141963880213,0
0,Arif Alvi_img_4.jpg,Zulfikar Ali Bhutto/00000012.jpg,0.7103722272634589,0
0,Arif Alvi_img_4.jpg,Zulfikar Ali Bhutto/00000012 (5).jpg,0.7103722272634589,0
0,Arif Alvi_img_4.jpg,Zulfikar Ali Bhutto/00000006 (4).jpg,0.9374773799259077,0
0,Arif Alvi_img_4.jpg,Zulfikar Ali Bhutto/00000021 (3).jpg,0.9981222249558438,0
0,Arif Alvi_img_4.jpg,Zulfikar Ali Bhutto/00000013.jpg,0.9120655624358529,0
0,Arif Alvi_img_4.jpg,Zulfikar Ali Bhutto/00000027 (2).jpg,0.901967458975194,0
0,Arif Alvi_img_4.jpg,Zulfikar Ali Bhutto/00000021 (2).jpg,0.8650254821362746,0
0,Arif Alvi_img_4.jpg,Zulfikar Ali Bhutto/00000023 (3).jpg,0.8482716135374435,0
0,Arif Alvi_img_4.jpg,Zulfikar Ali Bhutto/00000025 (2).jpg,0.9325196987409011,0
0,Arif Alvi_img_4.jpg,Kamran Khan/4.Upheaval_20at_20Geo_20as_20Kamran_20readies_20to_20go_20on_20air.jpg,0.8777570543161266,0
0,Arif Alvi_img_4.jpg,Kamran Khan/7.291708_67504389.jpg,0.8551659451834334,0
0,Arif Alvi_img_4.jpg,Kamran Khan/21.Dunya-Kamran-Khan-Kay-Sath-2nd-December-2019228637.jpg,0.7691001702115837,0
0,Arif Alvi_img_4.jpg,Kamran Khan/6.291827_88251065.jpg,0.9322229634666094,0
0,Arif Alvi_img_4.jpg,Kamran Khan/1.Kamran20Khan2020002-53-1488662084.jpg,0.7601062504619842,0
0,Arif Alvi_img_4.jpg,Kamran Khan/9.420896_32475456.jpg,0.8749013762620964,0
0,Arif Alvi_img_4.jpg,Kamran Khan/4.hqdefault.jpg,0.8523441574572054,0
0,Arif Alvi_img_4.jpg,Kamran Khan/12.Dunya-Kamran-Khan-K-Sath.jpg,0.7521387395912065,0
0,Arif Alvi_img_4.jpg,Kamran Khan/11.kamran-khan.jpg,0.7786154518751511,0
0,Arif Alvi_img_4.jpg,Kamran Khan/11.People-Senior-Journalist-Kamran-Khan-Joins-Dunya-News-9417.jpg,0.8636300921631626,0
0,Arif Alvi_img_4.jpg,Kamran Khan/9.Array116.jpg,0.7780021082494919,0
0,Arif Alvi_img_4.jpg,Kamran Khan/23.dunya-Kamran-Khan-ka-sth.jpg,0.9283525572164713,0
0,Arif Alvi_img_4.jpg,Kamran Khan/11.Kamran_20Khan_20joins_20Geo_20bitter_20rival_20BOL.jpg,0.8184575294123411,0
0,Arif Alvi_img_4.jpg,Kamran Khan/7.53d152873f835.jpg,-1.0,1
0,Arif Alvi_img_4.jpg,Kamran Khan/13.53d152873f835.jpg,-1.0,1
0,Arif Alvi_img_4.jpg,Kamran Khan/6.14455dunya_20Kamran_20Khan_20ka_20sth.jpg,0.7947203066131958,0
0,Arif Alvi_img_4.jpg,Kamran Khan/15.aaj-kamran-khan-ke-saath-shia-aur-sunni-fasadaat-hoon-sazish-hai-19th-november-2013.jpg,0.8686256069096188,0
0,Arif Alvi_img_4.jpg,Kamran Khan/7.27d2a556c81aaa9b9218cd602e656999.jpg,0.7825101218942457,0
0,Arif Alvi_img_4.jpg,Kamran Khan/23.aaj-kamran-khan-ke-saath-geo-close-in-whole-country-where-is-govt-23rd-may-2014.jpg,0.8805277278220258,0
0,Arif Alvi_img_4.jpg,Kamran Khan/14.Kamran20Khan2020002-53-1488662084.jpg,0.7601062504619842,0
0,Arif Alvi_img_4.jpg,Kamran Khan/7.Why_20did_20Kamran_20Khan_20part_20ways_20with_20Geo.jpg,0.7907667260790712,0
0,Arif Alvi_img_4.jpg,Kamran Khan/8.282513_94497638.jpg,0.8636300921631626,0
0,Arif Alvi_img_4.jpg,Kamran Khan/12.DUNYA-KAMRAN-KHAN-KAY-SATH.jpg,0.772315867138023,0
0,Arif Alvi_img_4.jpg,Kamran Khan/15.Kamran-Khan-Bol-Network.jpg,0.7928775886009705,0
0,Arif Alvi_img_4.jpg,Kamran Khan/18.290173_36116749.jpg,0.9549472471776587,0
0,Arif Alvi_img_4.jpg,Kamran Khan/7.282513_94497638.jpg,0.8636300921631626,0
0,Arif Alvi_img_4.jpg,Kamran Khan/24.420896_32475456.jpg,0.8749013762620964,0
0,Arif Alvi_img_4.jpg,Kamran Khan/8.images-2019-11-05T212903.834.jpg,0.7824643779432042,0
0,Arif Alvi_img_4.jpg,Kamran Khan/13.282520_99608320.jpg,0.8283501976189633,0
0,Arif Alvi_img_4.jpg,Kamran Khan/9.maxresdefault.jpg,0.8149971128441,0
0,Arif Alvi_img_4.jpg,Kamran Khan/10.Kamran20Khan2020002-53-1488662084.jpg,0.7601062504619842,0
0,Arif Alvi_img_4.jpg,Kamran Khan/14.27d2a556c81aaa9b9218cd602e656999.jpg,0.7825101218942457,0
0,Arif Alvi_img_4.jpg,Kamran Khan/7.291854_31153701.jpg,0.8594253103761942,0
0,Arif Alvi_img_4.jpg,Kamran Khan/23.kamran-khan-left-geo.jpg,0.7611042456151713,0
0,Arif Alvi_img_4.jpg,Kamran Khan/2.Kamran-Khan.jpg,0.7834593692604168,0
0,Arif Alvi_img_4.jpg,Kamran Khan/7.kamran-khan.jpg,0.7786154518751511,0
0,Arif Alvi_img_4.jpg,Kamran Khan/15.kamran-khan.jpg,0.7779947484575565,0
0,Arif Alvi_img_4.jpg,Kamran Khan/13.dunya_kamran_khan_k_sath.jpg,0.9287732028243033,0
0,Arif Alvi_img_4.jpg,Kamran Khan/22.Kamran-khan20003-10-1488662083.jpg,0.7894682657227445,0
0,Arif Alvi_img_4.jpg,Kamran Khan/4.55b899a8d7f6a.jpg,0.8693773058376253,0
0,Arif Alvi_img_4.jpg,Hamid Mir/7.Hamid_Mir_2.jpg,0.7964596053054209,0
0,Arif Alvi_img_4.jpg,Hamid Mir/18.Hamid-Mir-Jang-Column-Teer-Kamaan.jpg,0.9207186573930832,0
0,Arif Alvi_img_4.jpg,Hamid Mir/7.capital-talk-with-hamid-mir-18th.jpg,0.8703235821523572,0
0,Arif Alvi_img_4.jpg,Hamid Mir/15.HAMID-MIR-875.jpg,0.7919699591813529,0
0,Arif Alvi_img_4.jpg,Hamid Mir/16.10173535_10202362469637483_4173054293721484844_n.jpg,0.982424322788755,0
0,Arif Alvi_img_4.jpg,Hamid Mir/13.Hamid-Mir-008.jpg,0.9726176934902276,0
0,Arif Alvi_img_4.jpg,Hamid Mir/17.hamid-mir.jpg,0.796393843239231,0
0,Arif Alvi_img_4.jpg,Hamid Mir/10.hamid-mir-1.jpg,-1.0,1
0,Arif Alvi_img_4.jpg,Hamid Mir/14.capital-talk-imran-khan-s-promises-in-capital-talk-7th-august-2018.jpg,-1.0,1
0,Arif Alvi_img_4.jpg,Hamid Mir/15.maxresdefault.jpg,0.8992221333204448,0
0,Arif Alvi_img_4.jpg,Hamid Mir/10.DkP3KfgVAAAmIaA-e1533979767677-696x492.jpg,0.9113995747561655,0
0,Arif Alvi_img_4.jpg,Hamid Mir/15.hamid-mir-claims-seeing-messages-sent-to-ayesha-Gulalai-allegedly-by-imran.jpg,0.8764530176036956,0
0,Arif Alvi_img_4.jpg,Hamid Mir/17.capital-talk-hamid-mir-23rd-october-2019-part-03-1210x642.jpg,1.018081479402489,0
0,Arif Alvi_img_4.jpg,Hamid Mir/2.my-father-hamid-mir-s-daughter-ayesha-mir-s-article-about-her-father.jpg,0.8077014118114848,0
0,Arif Alvi_img_4.jpg,Hamid Mir/19.capital-talk-hamid-mir-14th-november-2019-part-02-1210x642.jpg,0.9643447866978571,0
0,Arif Alvi_img_4.jpg,Hamid Mir/4.171367_9485784_updates.jpg,0.8956059146129051,0
0,Arif Alvi_img_4.jpg,Hamid Mir/5.hamid-mir-talking-about-his-new-book-qalam-kaman-2.jpg,0.8921608894786269,0
0,Arif Alvi_img_4.jpg,Hamid Mir/11.20190702_pakok.jpg,0.9993516158925271,0
0,Arif Alvi_img_4.jpg,Hamid Mir/14.1395815-hamidmirx-1493365770.jpg,0.8496267203031843,0
0,Arif Alvi_img_4.jpg,Hamid Mir/17.hamid-mir-son.jpg,-1.0,1
0,Arif Alvi_img_4.jpg,Hamid Mir/10.hamid-mir-biography.jpg,0.8957882986859863,0
0,Arif Alvi_img_4.jpg,Hamid Mir/15.Hamid-Mir.jpg,0.8896921964920534,0
0,Arif Alvi_img_4.jpg,Hamid Mir/16.Hamid-Mir.jpg,0.7516404204344591,0
0,Arif Alvi_img_4.jpg,Hamid Mir/12.3.jpg,0.8421017045617649,0
0,Arif Alvi_img_4.jpg,Hamid Mir/11.capital-talk-hamid-mir-30th-october-2019-part-01-1210x642.jpg,1.0416912583447855,0
0,Arif Alvi_img_4.jpg,Hamid Mir/8.hamid-mir.jpg,0.9799285060075956,0
0,Arif Alvi_img_4.jpg,Hamid Mir/2.1e2be565253a0e9215651ad647fe6224.jpg,0.7554060954521054,0
0,Arif Alvi_img_4.jpg,Hamid Mir/19.ethiopia-press-freedom-prize-195454.jpg,-1.0,1
0,Arif Alvi_img_4.jpg,Hamid Mir/9.an-old-video-of-hamid-mir-in-which-he-is-praising-dr-tahir-ul-qadri.jpg,0.9102050947474156,0
0,Arif Alvi_img_4.jpg,Hamid Mir/4.Hamid-Mir.jpg,0.923428725358568,0
0,Arif Alvi_img_4.jpg,Hamid Mir/15.hamid-mir-1.jpg,-1.0,1
0,Arif Alvi_img_4.jpg,Hamid Mir/14.hamid-mir-web.jpg,0.9176431670271004,0
0,Arif Alvi_img_4.jpg,Hamid Mir/18.17-11.jpg,0.9644027228748694,0
0,Arif Alvi_img_4.jpg,Hamid Mir/17.see-promo-of-hamid-mir-s-new-show-on-new-channel.jpg,0.9385829463972257,0
0,Arif Alvi_img_4.jpg,Hamid Mir/2.C71zAsVy_400x400.jpg,0.8131873703133765,0
0,Arif Alvi_img_4.jpg,Hamid Mir/9.B9epwOiCMAATtM_.jpg,0.9120505501247631,0
0,Arif Alvi_img_4.jpg,Hamid Mir/18.53591f1decf8e.jpg,0.9168770526588331,0
0,Arif Alvi_img_4.jpg,Hamid Mir/1.hamid-mir-1.jpg,-1.0,1
0,Arif Alvi_img_4.jpg,Hamid Mir/8.@-69-696x384.jpg,0.9205726172467413,0
0,Arif Alvi_img_4.jpg,Hamid Mir/18.Hamid_Mir_2.jpg,0.7964596053054209,0
0,Arif Alvi_img_4.jpg,Pervez Musharraf/10.585150_3327834_Musharraf-2_akhbar.jpg,0.8602950423740334,0
0,Arif Alvi_img_4.jpg,Pervez Musharraf/1.c1_3453004.jpg,0.9161829340015111,0
0,Arif Alvi_img_4.jpg,Pervez Musharraf/6.og-pervez-musharraf-4358.jpg,0.8182111099786554,0
0,Arif Alvi_img_4.jpg,Pervez Musharraf/7.Musharraf-1280x720.jpg,0.9767636599556929,0
0,Arif Alvi_img_4.jpg,Pervez Musharraf/11.250px-US_Navy_051015-N-8796S-072_Pakistani_President_Gen._Pervez_Musharraf_speaks_during_a_press_conference_at_the_Pakistan_Air_Force_base_in_Chaklala_Pakistan.jpg,0.8225962593994608,0
0,Arif Alvi_img_4.jpg,Pervez Musharraf/9.Gen-Pervez-Mushraff-1.jpg,0.8986945354258387,0
0,Arif Alvi_img_4.jpg,Pervez Musharraf/1.191217034228-pervez-musharraf-2013-file-exlarge-169.jpg,-1.0,1
0,Arif Alvi_img_4.jpg,Pervez Musharraf/10.1495267587-7869.jpg,0.78718185128187,0
0,Arif Alvi_img_4.jpg,Pervez Musharraf/10.hqdefault.jpg,-1.0,1
0,Arif Alvi_img_4.jpg,Pervez Musharraf/9.musharaf.jpg,0.8181197652662499,0
0,Arif Alvi_img_4.jpg,Pervez Musharraf/8.pic_1556532019.jpg,0.8473970955628745,0
0,Arif Alvi_img_4.jpg,Pervez Musharraf/5.5bd08848595c9.jpg,0.7950196453794496,0
0,Arif Alvi_img_4.jpg,Pervez Musharraf/1.Pervez-Musharraf.jpg,0.9134870985749768,0
0,Arif Alvi_img_4.jpg,Pervez Musharraf/10.643655-musharraf970.jpg,0.9001654337384748,0
0,Arif Alvi_img_4.jpg,Pervez Musharraf/7.5ddeb8433bcc0.jpg,0.8490939465922119,0
0,Arif Alvi_img_4.jpg,Pervez Musharraf/11.d82673691e51747ba10a6645d7e9d48e_400x400.jpg,0.7548710053172298,0
0,Arif Alvi_img_4.jpg,Pervez Musharraf/8.thumbs_b_c_a0ccbe5cff2855a9e089e307fa2d2b9e.jpg,0.8356228348114844,0
0,Arif Alvi_img_4.jpg,Pervez Musharraf/4.c1_3453004.jpg,0.9161829340015111,0
0,Arif Alvi_img_4.jpg,Pervez Musharraf/3.5cca991308724.jpg,0.8338687341367741,0
0,Arif Alvi_img_4.jpg,Pervez Musharraf/1.l_124592_111153_updates.jpg,0.9273135809008276,0
0,Arif Alvi_img_4.jpg,Pervez Musharraf/5.Musharraf-1280x720.jpg,0.9767636599556929,0
0,Arif Alvi_img_4.jpg,Pervez Musharraf/4.Twitter-trends-in-support-for-Gen-Pervez-Musharraf-640x336.jpg,0.9234196909697727,0
0,Arif Alvi_img_4.jpg,Pervez Musharraf/6.thumbs_b_c_a0ccbe5cff2855a9e089e307fa2d2b9e.jpg,0.8356228348114844,0
0,Arif Alvi_img_4.jpg,Pervez Musharraf/2.Pervez-Musharraf.jpg,0.8085854264886174,0
0,Arif Alvi_img_4.jpg,Pervez Musharraf/3.Musharraf.jpg,0.853181070246244,0
0,Arif Alvi_img_4.jpg,Pervez Musharraf/7.WPK-MUSHARRAF-(Read-Only)_resources1_16a45054959_large.jpg,0.8060325749518489,0
0,Arif Alvi_img_4.jpg,Pervez Musharraf/9.dc-Cover-i9ck0cpo375odjku1n01f6q6n6-20160317192448.Medi.jpg,0.8599250824485619,0
0,Arif Alvi_img_4.jpg,Pervez Musharraf/5.19b1a77b04c7e04b85dc6ba85a339abc.jpg,0.7668481935001554,0
0,Arif Alvi_img_4.jpg,Pervez Musharraf/9.Musharraf.jpg,0.853181070246244,0
0,Arif Alvi_img_4.jpg,Pervez Musharraf/9.59501-2091097287.jpg,0.7537905251920212,0
0,Arif Alvi_img_4.jpg,Pervez Musharraf/6.musharraf-story_650_033114111859_040314110010_030515053252.jpg,0.8973378059198867,0
0,Arif Alvi_img_4.jpg,Pervez Musharraf/2.238826_2794308_updates.jpg,0.8744290872181633,0
0,Arif Alvi_img_4.jpg,Pervez Musharraf/9.Pevez-Musharraf.jpg,0.9362774641872584,0
0,Arif Alvi_img_4.jpg,Pervez Musharraf/3.220px-PervezMusharraf.jpg,0.8917863312073129,0
0,Arif Alvi_img_4.jpg,Pervez Musharraf/6.585150_3327834_Musharraf-2_akhbar.jpg,0.8602950423740334,0
0,Arif Alvi_img_4.jpg,Pervez Musharraf/11.musharraf-1480754378.jpg,0.8134009790544214,0
0,Arif Alvi_img_4.jpg,Pervez Musharraf/5.hqdefault.jpg,0.9287247802351583,0
0,Arif Alvi_img_4.jpg,Pervez Musharraf/9.74f11c2bf3ca66b61dfcc9d94ac2f3b8_XL.jpg,0.883142944406263,0
0,Arif Alvi_img_4.jpg,Pervez Musharraf/11.53e72fd547fb2.jpg,0.8148402030218653,0
0,Arif Alvi_img_4.jpg,Pervez Musharraf/8.maxresdefault.jpg,0.9693649214226129,0
0,Arif Alvi_img_4.jpg,Reema Khan/0022.jpg,-1.0,1
0,Arif Alvi_img_4.jpg,Reema Khan/00031.jpg,0.9397914489246553,0
0,Arif Alvi_img_4.jpg,Reema Khan/042.jpg,0.9333589614039127,0
0,Arif Alvi_img_4.jpg,Reema Khan/00049.jpg,-1.0,1
0,Arif Alvi_img_4.jpg,Reema Khan/000055.jpg,0.9204145292491165,0
0,Arif Alvi_img_4.jpg,Reema Khan/000051.jpg,0.9138454361887081,0
0,Arif Alvi_img_4.jpg,Reema Khan/051.jpg,-1.0,1
0,Arif Alvi_img_4.jpg,Reema Khan/000034.jpg,-1.0,1
0,Arif Alvi_img_4.jpg,Reema Khan/00015.jpg,0.917422178796228,0
0,Arif Alvi_img_4.jpg,Reema Khan/00026.jpg,-1.0,1
0,Arif Alvi_img_4.jpg,Reema Khan/0048.jpg,0.9333589614039127,0
0,Arif Alvi_img_4.jpg,Reema Khan/014.jpg,0.95293322922119,0
0,Arif Alvi_img_4.jpg,Reema Khan/0049.jpg,-1.0,1
0,Arif Alvi_img_4.jpg,Reema Khan/000045.jpg,0.9050071171638718,0
0,Arif Alvi_img_4.jpg,Reema Khan/00020.jpg,0.858714496298131,0
0,Arif Alvi_img_4.jpg,Reema Khan/00041.jpg,0.9221210622218656,0
0,Arif Alvi_img_4.jpg,Reema Khan/057.jpg,0.9679064485925615,0
0,Arif Alvi_img_4.jpg,Reema Khan/000041.jpg,0.9574402538095552,0
0,Arif Alvi_img_4.jpg,Reema Khan/0044.jpg,-1.0,1
0,Arif Alvi_img_4.jpg,Reema Khan/000035.jpg,-1.0,1
0,Arif Alvi_img_4.jpg,Reema Khan/036.jpg,0.9615425414030814,0
0,Arif Alvi_img_4.jpg,Reema Khan/039.jpg,0.9442201495582527,0
0,Arif Alvi_img_4.jpg,Reema Khan/026.jpg,-1.0,1
0,Arif Alvi_img_4.jpg,Reema Khan/000002.jpg,0.9673668556815657,0
0,Arif Alvi_img_4.jpg,Reema Khan/0059.jpg,0.9744740447810785,0
0,Arif Alvi_img_4.jpg,Reema Khan/0007.jpg,0.9816364567952318,0
0,Arif Alvi_img_4.jpg,Reema Khan/00036.jpg,0.9295962823710808,0
0,Arif Alvi_img_4.jpg,Reema Khan/0006.jpg,0.8929748308819921,0
0,Arif Alvi_img_4.jpg,Reema Khan/010.jpg,0.900658400536405,0
0,Arif Alvi_img_4.jpg,Reema Khan/0026.jpg,0.919519829356561,0
0,Arif Alvi_img_4.jpg,Reema Khan/0036.jpg,0.8963339626896721,0
0,Arif Alvi_img_4.jpg,Reema Khan/00048.jpg,0.7918343314676491,0
0,Arif Alvi_img_4.jpg,Reema Khan/000050.jpg,-1.0,1
0,Arif Alvi_img_4.jpg,Reema Khan/0056.jpg,0.9601042333886244,0
0,Arif Alvi_img_4.jpg,Reema Khan/009.jpg,0.9804168843493993,0
0,Arif Alvi_img_4.jpg,Reema Khan/000027.jpg,-1.0,1
0,Arif Alvi_img_4.jpg,Reema Khan/000018.jpg,-1.0,1
0,Arif Alvi_img_4.jpg,Reema Khan/00050.jpg,0.9138454361887081,0
0,Arif Alvi_img_4.jpg,Reema Khan/00030.jpg,1.0097086021921504,0
0,Arif Alvi_img_4.jpg,Reema Khan/028.jpg,0.8666138735515186,0
0,Arif Alvi_img_4.jpg,Zartaj Gul/1.DKv_lQeXkAEl_Cb.jpg,0.9709122292151116,0
0,Arif Alvi_img_4.jpg,Zartaj Gul/4.Zartaj-Gul-2.jpg,0.8985824449043135,0
0,Arif Alvi_img_4.jpg,Zartaj Gul/2.pic_1533624560.jpg,0.8520821463570922,0
0,Arif Alvi_img_4.jpg,Zartaj Gul/7.Zartaj-Gul-2.jpg,0.9753552476394042,0
0,Arif Alvi_img_4.jpg,Zartaj Gul/8.3b81c6651b33e43c41869c0bda502977.jpg,0.7437645182665227,0
0,Arif Alvi_img_4.jpg,Zartaj Gul/2.Array1324.jpg,0.9215227655223268,0
0,Arif Alvi_img_4.jpg,Zartaj Gul/1.Zartaj-Gul-Body-Measurement-Bra-Size-Husband-DOB.jpg,0.8863359937127439,0
0,Arif Alvi_img_4.jpg,Zartaj Gul/2.Zartaj-Gul-sister-Nacta.jpg,0.9022924435712891,0
0,Arif Alvi_img_4.jpg,Zartaj Gul/7.Zartaj-Gul-Body-Measurement-Bra-Size-Husband-DOB.jpg,0.8863359937127439,0
0,Arif Alvi_img_4.jpg,Zartaj Gul/1.Zartaj-Gul-sister-NACTA-appointment-750x369.jpg,0.9449146202003184,0
0,Arif Alvi_img_4.jpg,Zartaj Gul/8.pic_1558528468.jpg,0.9066170739560545,0
0,Arif Alvi_img_4.jpg,Zartaj Gul/3.will-play-my-role-in-bringing-change-zartaj-gul-1533626367-6713.jpg,0.9260929669113506,0
0,Arif Alvi_img_4.jpg,Zartaj Gul/6.Zartaj-Gul-new-pic.jpg,0.9849091958039127,0
0,Arif Alvi_img_4.jpg,Zartaj Gul/8.Zartaj-Gul-7.jpg,-1.0,1
0,Arif Alvi_img_4.jpg,Zartaj Gul/2.pic_1572250633.jpg,0.8650505498008886,0
0,Arif Alvi_img_4.jpg,Zartaj Gul/5.544982-image-1367789502.jpg,0.9810232234267703,0
0,Arif Alvi_img_4.jpg,Zartaj Gul/6.will-play-my-role-in-bringing-change-zartaj-gul-1533626367-6713.jpg,0.9260929669113506,0
0,Arif Alvi_img_4.jpg,Zartaj Gul/2.zartaj-gul.jpg,0.9723131160298265,0
0,Arif Alvi_img_4.jpg,Zartaj Gul/4.imran-khan-s-tigress-zartaj-gul-message-for-local-body-elections-in-dera-ghazi-khan.jpg,0.9674969848906553,0
0,Arif Alvi_img_4.jpg,Zartaj Gul/6.7.jpg,0.9317198148119823,0
0,Arif Alvi_img_4.jpg,Zartaj Gul/4.351899_7280018_updates.jpg,0.9364968167074331,0
0,Arif Alvi_img_4.jpg,Zartaj Gul/1.Zartaj.jpg,0.8489628015873038,0
0,Arif Alvi_img_4.jpg,Zartaj Gul/6.Zartaj-Gul-Height-Weight-Age.jpg,1.0011199188233055,0
0,Arif Alvi_img_4.jpg,Zartaj Gul/1.CEZKIXPVIAImMV-.jpg,0.9031975739403509,0
0,Arif Alvi_img_4.jpg,Zartaj Gul/3.zartaj-gul-beautiful-pakistani-woman-politician.jpg,-1.0,1
0,Arif Alvi_img_4.jpg,Zartaj Gul/4.Zartaj-Gul-Body-Measurement-Bra-Size-Husband-DOB.jpg,0.8863359937127439,0
0,Arif Alvi_img_4.jpg,Zartaj Gul/8.pic_1570103363.jpg,0.8650505498008886,0
0,Arif Alvi_img_4.jpg,Zartaj Gul/2.beHqoJXM_400x400-1.jpg,0.8493934220349315,0
0,Arif Alvi_img_4.jpg,Zartaj Gul/8.e8e2ebfab4c6ac54857fc1b650d3cae1.jpg,0.9022924435712891,0
0,Arif Alvi_img_4.jpg,Zartaj Gul/7.zartaj-gul-hd-wallpaper.jpg,1.0164159126304977,0
0,Arif Alvi_img_4.jpg,Zartaj Gul/5.zartaj-gul.jpg,0.9278935365591847,0
0,Arif Alvi_img_4.jpg,Zartaj Gul/1.5dc3fcc773397.jpg,-1.0,1
0,Arif Alvi_img_4.jpg,Zartaj Gul/7.zartaj-gul-758x426.jpg,0.9841142918612171,0
0,Arif Alvi_img_4.jpg,Zartaj Gul/1.Zartaj-Gul-Height-Weight-Age.jpg,1.0011199188233055,0
0,Arif Alvi_img_4.jpg,Zartaj Gul/3.191(1).jpg,0.9826984323872786,0
0,Arif Alvi_img_4.jpg,Zartaj Gul/6.dgk-hill-torrents-can-generate-12-000-mw-electricity-minister-1570139131-7709.jpg,0.949419038523032,0
0,Arif Alvi_img_4.jpg,Zartaj Gul/4.Zartaj.jpg,0.8489628015873038,0
0,Arif Alvi_img_4.jpg,Zartaj Gul/1.beHqoJXM_400x400-1.jpg,0.8493934220349315,0
0,Arif Alvi_img_4.jpg,Zartaj Gul/4.Zartaj-Gul.jpg,1.0011054852863022,0
0,Arif Alvi_img_4.jpg,Zartaj Gul/1.451bb978403caedf304b3eab434f6b62.jpg,0.9327380029664695,0
0,Arif Alvi_img_4.jpg,Jahangir Khan/2.jehangir_memo68_cover-e1486478960880.jpg,0.9455708406130687,0
0,Arif Alvi_img_4.jpg,Jahangir Khan/2.888202-JahangirKhanEXPRESS-1431931736.jpg,-1.0,1
0,Arif Alvi_img_4.jpg,Jahangir Khan/11.1218273-image-1478060902.jpg,0.952797582910247,0
0,Arif Alvi_img_4.jpg,Jahangir Khan/48.193745_9598742_updates.jpg,0.9409542744262354,0
0,Arif Alvi_img_4.jpg,Jahangir Khan/24.jahangir-khan-sportsman-of-the-millennium-1456332859-6100.jpg,0.9076775113703289,0
0,Arif Alvi_img_4.jpg,Jahangir Khan/6.590220-JahangirKhanEXPRESS-1376491680.jpg,-1.0,1
0,Arif Alvi_img_4.jpg,Jahangir Khan/32.khancrop.jpg,-1.0,1
0,Arif Alvi_img_4.jpg,Jahangir Khan/10.jahangir-khan-sportsman-of-the-millennium-1456332859-6100.jpg,0.9076775113703289,0
0,Arif Alvi_img_4.jpg,Jahangir Khan/20.greatest-ever-squash-player-jehangir-khan-reveals-his-favourite-cricket-players-a-little-surprise-1561818486-5947.jpg,0.9011190978995738,0
0,Arif Alvi_img_4.jpg,Jahangir Khan/28.hqdefault-1.jpg,0.8588811485684087,0
0,Arif Alvi_img_4.jpg,Jahangir Khan/9.220px-Jahangir_Khan_in_Karachi_by_Faizan_Munawar_Varya.jpg,1.0008156926651304,0
0,Arif Alvi_img_4.jpg,Jahangir Khan/6.220px-Jahangir_Khan_in_Karachi_by_Faizan_Munawar_Varya.jpg,1.0008156926651304,0
0,Arif Alvi_img_4.jpg,Jahangir Khan/6.Jahangir_Khan_in_Karachi_by_Faizan_Munawar_Varya.jpg,1.044445674530908,0
0,Arif Alvi_img_4.jpg,Jahangir Khan/50.9780199401529.jpg,-1.0,1
0,Arif Alvi_img_4.jpg,Jahangir Khan/38.tumblr_inline_p5qrhvlIs31rk546t_540.jpg,0.8862465347753692,0
0,Arif Alvi_img_4.jpg,Jahangir Khan/4.jahangir-khan.jpg,0.9144508153541828,0
0,Arif Alvi_img_4.jpg,Jahangir Khan/19.squash-jahangir-khan-unveils-pakistan-rescue-mission-1431889102-8792.jpg,0.9173236830376549,0
0,Arif Alvi_img_4.jpg,Jahangir Khan/12.Jahangeer-khan.jpg,0.90785535996447,0
0,Arif Alvi_img_4.jpg,Jahangir Khan/31.JahangirKhanFull-1000x1000-600x600.jpg,0.9014786868712843,0
0,Arif Alvi_img_4.jpg,Jahangir Khan/41.khan-3.jpg,1.0794298611459283,0
0,Arif Alvi_img_4.jpg,Jahangir Khan/29.CTgdVz_UAAA8lY3.jpg,0.9604526553853289,0
0,Arif Alvi_img_4.jpg,Jahangir Khan/28.jahangir-khan-sportsman-of-the-millennium-1456332859-6100.jpg,0.9076775113703289,0
0,Arif Alvi_img_4.jpg,Jahangir Khan/16.hqdefault.jpg,0.8061525626180296,0
0,Arif Alvi_img_4.jpg,Jahangir Khan/7.jahangir-khan-for-proposes-squash-improvement-plan-for-pakistan-1513927223-6054.jpg,0.9027942313974703,0
0,Arif Alvi_img_4.jpg,Jahangir Khan/16.Jahangir_Khan_in_Karachi_by_Faizan_Munawar_Varya.jpg,1.044445674530908,0
0,Arif Alvi_img_4.jpg,Jahangir Khan/16.jehangir_memo68_cover-e1486478960880.jpg,0.9455708406130687,0
0,Arif Alvi_img_4.jpg,Jahangir Khan/48.squash-jahangir-khan-unveils-pakistan-rescue-mission-1431889102-8792.jpg,0.9173236830376549,0
0,Arif Alvi_img_4.jpg,Jahangir Khan/15.Jahangir-Khan.jpg,1.0313788501549135,0
0,Arif Alvi_img_4.jpg,Jahangir Khan/24.130230045-780x405.jpg,-1.0,1
0,Arif Alvi_img_4.jpg,Jahangir Khan/18._9768125.jpg,0.918941409674664,0
0,Arif Alvi_img_4.jpg,Jahangir Khan/6.pic_1507055926.jpg,0.936333084670411,0
0,Arif Alvi_img_4.jpg,Jahangir Khan/5.5d0f9654b45bd.jpg,-1.0,1
0,Arif Alvi_img_4.jpg,Jahangir Khan/20.Jahangir_Khan_in_Karachi_by_Faizan_Munawar_Varya.jpg,1.044445674530908,0
0,Arif Alvi_img_4.jpg,Jahangir Khan/26.527f840ab341d.jpg,1.0125042560160646,0
0,Arif Alvi_img_4.jpg,Jahangir Khan/33.maxresdefault.jpg,-1.0,1
0,Arif Alvi_img_4.jpg,Jahangir Khan/44.jahangir-khan-squash-1843797.jpg,0.893667196483979,0
0,Arif Alvi_img_4.jpg,Jahangir Khan/24.JahangirKhanFull-1000x1000-600x600.jpg,0.9014786868712843,0
0,Arif Alvi_img_4.jpg,Jahangir Khan/23._9768125.jpg,0.918941409674664,0
0,Arif Alvi_img_4.jpg,Jahangir Khan/42.3781303668_66dfa957d7.jpg,0.9083913820368831,0
0,Arif Alvi_img_4.jpg,Jahangir Khan/20.pic_1507055926.jpg,0.936333084670411,0
0,Arif Alvi_img_4.jpg,Mohsin Khan/00000013 (2) - Copy.jpg,0.9543130137381302,0
0,Arif Alvi_img_4.jpg,Mohsin Khan/00000052 (3) - Copy.jpg,0.9032683934079113,0
0,Arif Alvi_img_4.jpg,Mohsin Khan/00000023 (2) - Copy.jpg,0.9321665236172424,0
0,Arif Alvi_img_4.jpg,Mohsin Khan/00000006 (3).jpg,0.8944321614004406,0
0,Arif Alvi_img_4.jpg,Mohsin Khan/00000051.jpg,0.7132054496858709,0
0,Arif Alvi_img_4.jpg,Mohsin Khan/00000018 (2).jpg,0.7132054496858709,0
0,Arif Alvi_img_4.jpg,Mohsin Khan/00000020 (3) - Copy.jpg,0.9057530528366124,0
0,Arif Alvi_img_4.jpg,Mohsin Khan/00000012 - Copy.jpg,0.9321665236172424,0
0,Arif Alvi_img_4.jpg,Mohsin Khan/00000027 - Copy.jpg,0.8757451500073052,0
0,Arif Alvi_img_4.jpg,Mohsin Khan/00000002 (3).jpg,0.9360659729861195,0
0,Arif Alvi_img_4.jpg,Mohsin Khan/00000018 (2) - Copy.jpg,0.6957995123003544,0
0,Arif Alvi_img_4.jpg,Mohsin Khan/00000011 (3).jpg,0.9819920848802499,0
0,Arif Alvi_img_4.jpg,Mohsin Khan/00000045 (2).jpg,1.0070156469600946,0
0,Arif Alvi_img_4.jpg,Mohsin Khan/00000007.jpg,0.9760189637623099,0
0,Arif Alvi_img_4.jpg,Mohsin Khan/00000029 - Copy.jpg,0.9152044501948136,0
0,Arif Alvi_img_4.jpg,Mohsin Khan/00000016 (2).jpg,0.9280991734714124,0
0,Arif Alvi_img_4.jpg,Mohsin Khan/00000010.jpg,0.8827640832545735,0
0,Arif Alvi_img_4.jpg,Mohsin Khan/00000036.jpg,0.9309753342309951,0
0,Arif Alvi_img_4.jpg,Mohsin Khan/00000023 - Copy.jpg,1.0338059819200047,0
0,Arif Alvi_img_4.jpg,Mohsin Khan/00000028 (2) - Copy.jpg,0.9152044501948136,0
0,Arif Alvi_img_4.jpg,Mohsin Khan/00000025 (2) - Copy.jpg,0.9157258124678779,0
0,Arif Alvi_img_4.jpg,Mohsin Khan/00000004.jpg,0.8881525478028919,0
0,Arif Alvi_img_4.jpg,Mohsin Khan/00000034.jpg,0.9086985919717979,0
0,Arif Alvi_img_4.jpg,Mohsin Khan/00000039.jpg,0.9373735825895129,0
0,Arif Alvi_img_4.jpg,Mohsin Khan/00000002 (2).jpg,0.9030246322668466,0
0,Arif Alvi_img_4.jpg,Mohsin Khan/00000015 - Copy.jpg,0.8745140455065248,0
0,Arif Alvi_img_4.jpg,Mohsin Khan/00000001 - Copy.jpg,0.8955294417446173,0
0,Arif Alvi_img_4.jpg,Mohsin Khan/00000049 (4) - Copy.jpg,-1.0,1
0,Arif Alvi_img_4.jpg,Mohsin Khan/00000016 (2) - Copy.jpg,0.9597002275812099,0
0,Arif Alvi_img_4.jpg,Mohsin Khan/00000054 (3).jpg,0.903202273019301,0
0,Arif Alvi_img_4.jpg,Mohsin Khan/00000006 (3) - Copy.jpg,0.8850599719483956,0
0,Arif Alvi_img_4.jpg,Mohsin Khan/00000000 (2) - Copy.jpg,0.8998710307558245,0
0,Arif Alvi_img_4.jpg,Mohsin Khan/00000011 (4) - Copy.jpg,0.9064514902221471,0
0,Arif Alvi_img_4.jpg,Mohsin Khan/00000015.jpg,-1.0,1
0,Arif Alvi_img_4.jpg,Mohsin Khan/00000011.jpg,0.9107069639200039,0
0,Arif Alvi_img_4.jpg,Mohsin Khan/00000051 - Copy.jpg,0.6957995123003544,0
0,Arif Alvi_img_4.jpg,Mohsin Khan/00000047 (2).jpg,-1.0,1
0,Arif Alvi_img_4.jpg,Mohsin Khan/00000006 (2) - Copy.jpg,0.8745624344679167,0
0,Arif Alvi_img_4.jpg,Mohsin Khan/00000054 (3) - Copy.jpg,0.8384265406864839,0
0,Arif Alvi_img_4.jpg,Mohsin Khan/00000007 - Copy.jpg,0.996557258628645,0
0,Arif Alvi_img_4.jpg,Hamza Shahbaz/15.768022-hamzashahbazapp-1411812825.jpg,1.104297576408172,0
0,Arif Alvi_img_4.jpg,Hamza Shahbaz/3.hamza-shahbaz-asked-nab-to-summon-his-mother-and-sisters-for-investigations-on-their-money-laundering-accounts-1555267265-5546.jpg,1.0843041254275034,0
0,Arif Alvi_img_4.jpg,Hamza Shahbaz/15.Hamza-Shahbaz-Sharif.jpg,0.9888863846337281,0
0,Arif Alvi_img_4.jpg,Hamza Shahbaz/1.Hamza20Shahbaz20Sharif201-73-1503675603.jpg,1.089013465654699,0
0,Arif Alvi_img_4.jpg,Hamza Shahbaz/20.5c0f874bc529f-1280x720.jpg,1.0743017701179152,0
0,Arif Alvi_img_4.jpg,Hamza Shahbaz/3.404778_9267793_hamza1_akhbar.jpg,0.9621879114509837,0
0,Arif Alvi_img_4.jpg,Hamza Shahbaz/10.Hamza20Shahbaz20Sharif209-21-1503675609.jpg,-1.0,1
0,Arif Alvi_img_4.jpg,Hamza Shahbaz/1.5c0f874bc529f.jpg,1.0644538613164638,0
0,Arif Alvi_img_4.jpg,Hamza Shahbaz/16.hamza-shahbaz-statements-landed-her-sisters-and-mother-in-trouble-before-nab-1555232106-2682.jpg,1.0843041254275034,0
0,Arif Alvi_img_4.jpg,Hamza Shahbaz/3.hamza-shahbaz-bashing-imran-khan-during-election-campaign-for-ayaz-sadiq.jpg,-1.0,1
0,Arif Alvi_img_4.jpg,Hamza Shahbaz/12.c964a8782ccce45711c12aec31c03e7c_XL.jpg,0.9724849591696193,0
0,Arif Alvi_img_4.jpg,Hamza Shahbaz/12.1834430-HamzaShahbaz-1540539212.jpg,0.9758858165775693,0
0,Arif Alvi_img_4.jpg,Hamza Shahbaz/18.cjp-directs-to-lodge-inquiry-against-hamza-shahbaz-1527944137-9903.jpg,1.0266899372878762,0
0,Arif Alvi_img_4.jpg,Hamza Shahbaz/5.2669_97825108.jpg,1.0608465462084251,0
0,Arif Alvi_img_4.jpg,Hamza Shahbaz/13.shroud-does-not-have-pocket-hamza-shahbaz-1526644092-3261.jpg,1.0266899372878762,0
0,Arif Alvi_img_4.jpg,Hamza Shahbaz/4.hamza-shahbaz-decides-to-challenge-new-local-body-system-in-lhc-1557132529-8489.jpg,-1.0,1
0,Arif Alvi_img_4.jpg,Hamza Shahbaz/10.DIFeLaQXkAAnIAB.jpg,0.9977281094546524,0
0,Arif Alvi_img_4.jpg,Hamza Shahbaz/1.Hamza_Shehbaz_fea.jpg,1.136237816322236,0
0,Arif Alvi_img_4.jpg,Hamza Shahbaz/9.Hamza20Shahbaz20Sharif2011-53-1503675611.jpg,1.143589786639625,0
0,Arif Alvi_img_4.jpg,Hamza Shahbaz/15.40844975_98868937.jpg,1.066232857430659,0
0,Arif Alvi_img_4.jpg,Hamza Shahbaz/15.ba824ea4bc5c84fc531a9cb6efe56f70.jpg,1.0444466210447345,0
0,Arif Alvi_img_4.jpg,Hamza Shahbaz/5.404778_9267793_hamza1_akhbar.jpg,0.9621879114509837,0
0,Arif Alvi_img_4.jpg,Hamza Shahbaz/7.1614356-HamzaShahbaz-1516525758.jpg,0.9608046703167606,0
0,Arif Alvi_img_4.jpg,Hamza Shahbaz/8.e13accfea4d8eb8080bea3a589b919a0_400x400.jpg,1.1385574882345555,0
0,Arif Alvi_img_4.jpg,Hamza Shahbaz/4.HAMZA-SHAHBAZ.jpg,0.9111784797036233,0
0,Arif Alvi_img_4.jpg,Hamza Shahbaz/4.b5443cacd170f533f2f8bcdba08e7dd4.jpg,1.0330347840285086,0
0,Arif Alvi_img_4.jpg,Hamza Shahbaz/3.hamza-shahbaz-statements-landed-her-sisters-and-mother-in-trouble-before-nab-1555232106-2682.jpg,1.0843041254275034,0
0,Arif Alvi_img_4.jpg,Hamza Shahbaz/8.Hamza_Shahbaz_at_a_press_conference.jpg,1.027695139150572,0
0,Arif Alvi_img_4.jpg,Hamza Shahbaz/12.Hamza-Shahbaz-1.jpg,0.9691527763269326,0
0,Arif Alvi_img_4.jpg,Hamza Shahbaz/3.NA-124-Lahore-MNA-Hamza-Shahbaz-Shareef.jpg,1.036360992246858,0
0,Arif Alvi_img_4.jpg,Hamza Shahbaz/11.486875_77822717.jpg,1.0816668952331654,0
0,Arif Alvi_img_4.jpg,Hamza Shahbaz/3.Hamza-Shahbaz.jpg,-1.0,1
0,Arif Alvi_img_4.jpg,Hamza Shahbaz/14.Don-of-Punjab-Hamza-Shahbaz-Received-15-20-Crores-in-Bribes-Every-Month-Jamshed-Dasti-Said.jpg,1.021529274001757,0
0,Arif Alvi_img_4.jpg,Hamza Shahbaz/7.hamza-shahbaz-1.jpg,1.1448832659348125,0
0,Arif Alvi_img_4.jpg,Hamza Shahbaz/8.Hamza20Shahbaz20Sharif202-93-1503675602.jpg,1.127301401605367,0
0,Arif Alvi_img_4.jpg,Hamza Shahbaz/2.xhamzashehbaz12.jpg,1.124881818535963,0
0,Arif Alvi_img_4.jpg,Hamza Shahbaz/2.486701_20242906.jpg,1.1144830937239467,0
0,Arif Alvi_img_4.jpg,Hamza Shahbaz/14.cjp-directs-to-lodge-inquiry-against-hamza-shahbaz-1527944137-9903.jpg,1.0266899372878762,0
0,Arif Alvi_img_4.jpg,Hamza Shahbaz/16.publish-ad-for-hamza-rabia-appearance-orders-court-1347048135-4476.jpg,1.089341794810299,0
0,Arif Alvi_img_4.jpg,Hamza Shahbaz/13.Hamza-Shehbaz.jpg,1.086962752447739,0
0,Arif Alvi_img_4.jpg,Muhammad Farogh Naseem/72.pic_1539889043.jpg,1.1186886754542846,0
0,Arif Alvi_img_4.jpg,Muhammad Farogh Naseem/6.Farogh-Naseem-750x369.jpg,1.1006120442825016,0
0,Arif Alvi_img_4.jpg,Muhammad Farogh Naseem/50.farogh-naseem-main.jpg,1.1310819268776158,0
0,Arif Alvi_img_4.jpg,Muhammad Farogh Naseem/25.pic_1556269602.jpg,1.025129496068585,0
0,Arif Alvi_img_4.jpg,Muhammad Farogh Naseem/40.Farogh-Naseem-resigns-as-Federal-Law-Minister228153.jpg,1.0519198344248564,0
0,Arif Alvi_img_4.jpg,Muhammad Farogh Naseem/46.419874_1448764_law-minister_updates.jpg,1.0196435254355518,0
0,Arif Alvi_img_4.jpg,Muhammad Farogh Naseem/26.Farogh-Naseem.jpg,1.1450401045534664,0
0,Arif Alvi_img_4.jpg,Muhammad Farogh Naseem/2.farogh-age.jpg,1.0546117427731938,0
0,Arif Alvi_img_4.jpg,Muhammad Farogh Naseem/38.419874_1448764_law-minister_updates.jpg,1.0196435254355518,0
0,Arif Alvi_img_4.jpg,Muhammad Farogh Naseem/71.Farogh-Naseem.jpg,1.1319898453180972,0
0,Arif Alvi_img_4.jpg,Muhammad Farogh Naseem/9.hqdefault.jpg,0.969770715005176,0
0,Arif Alvi_img_4.jpg,Muhammad Farogh Naseem/4.f7dbab8150a325e48ef78080ac47db78.jpg,1.022096460525868,0
0,Arif Alvi_img_4.jpg,Muhammad Farogh Naseem/24.pic_1568725966.jpg,1.1294777442949675,0
0,Arif Alvi_img_4.jpg,Muhammad Farogh Naseem/7.f7dbab8150a325e48ef78080ac47db78.jpg,1.022096460525868,0
0,Arif Alvi_img_4.jpg,Muhammad Farogh Naseem/6.c193b75f3ff04d8264e00a684f3f33ae.jpg,1.0815906420929207,0
0,Arif Alvi_img_4.jpg,Muhammad Farogh Naseem/62.pic_1568725966.jpg,1.137306576044247,0
0,Arif Alvi_img_4.jpg,Muhammad Farogh Naseem/76.Farogh-Naseem-resigns-as-Federal-Law-Minister228153.jpg,1.0519198344248564,0
0,Arif Alvi_img_4.jpg,Muhammad Farogh Naseem/14.pic_1539889043.jpg,1.124307918839697,0
0,Arif Alvi_img_4.jpg,Muhammad Farogh Naseem/2.sU3mNU0b_400x400.jpg,1.0921691445589619,0
0,Arif Alvi_img_4.jpg,Muhammad Farogh Naseem/51.Muhammad-Farogh-Naseem.jpg,1.0522286102482847,0
0,Arif Alvi_img_4.jpg,Muhammad Farogh Naseem/4.c193b75f3ff04d8264e00a684f3f33ae.jpg,1.0815906420929207,0
0,Arif Alvi_img_4.jpg,Muhammad Farogh Naseem/13.dr-farogh-naseem-604x270.jpg,1.1470683382041493,0
0,Arif Alvi_img_4.jpg,Muhammad Farogh Naseem/37.2055303-faroghnaseemnew-1568319288.jpg,1.0834549673127385,0
0,Arif Alvi_img_4.jpg,Muhammad Farogh Naseem/29.watch-senator-dr-farogh-naseem-exclusive-interview-in-prime-time-with-tm-on-newsone-1210x642.jpg,1.115121323324888,0
0,Arif Alvi_img_4.jpg,Muhammad Farogh Naseem/4.pic_1571663637.jpg,1.049551175712084,0
0,Arif Alvi_img_4.jpg,Muhammad Farogh Naseem/75.maxresdefault.jpg,1.1064827229094898,0
0,Arif Alvi_img_4.jpg,Muhammad Farogh Naseem/53.Muhammad-Farogh-Naseem.jpg,1.0522286102482847,0
0,Arif Alvi_img_4.jpg,Muhammad Farogh Naseem/17.farogh-naseem.jpg,1.1094868118125591,0
0,Arif Alvi_img_4.jpg,Muhammad Farogh Naseem/38.Farogh-Naseem.jpg,1.1217670936615651,0
0,Arif Alvi_img_4.jpg,Muhammad Farogh Naseem/9.dr-farogh-naseem-604x270.jpg,1.1470683382041493,0
0,Arif Alvi_img_4.jpg,Muhammad Farogh Naseem/11.farogh-naseem-1.jpg,1.0766407522815933,0
0,Arif Alvi_img_4.jpg,Muhammad Farogh Naseem/17.Farogh-1-750x369.jpg,1.073506093857725,0
0,Arif Alvi_img_4.jpg,Muhammad Farogh Naseem/11.Farogh-Naseem-750x369.jpg,1.1006120442825016,0
0,Arif Alvi_img_4.jpg,Muhammad Farogh Naseem/68.farogh-naseem-604x270.jpg,1.1351108842278537,0
0,Arif Alvi_img_4.jpg,Muhammad Farogh Naseem/26.DYBeA4DWkAAkqYs.jpg,1.103593563168948,0
0,Arif Alvi_img_4.jpg,Muhammad Farogh Naseem/10.govt-to-make-legislation-through-ordinance-farogh-1547442172-5630.jpg,-1.0,1
0,Arif Alvi_img_4.jpg,Muhammad Farogh Naseem/10.Farogh-Naseem-750x369.jpg,1.1006120442825016,0
0,Arif Alvi_img_4.jpg,Muhammad Farogh Naseem/16.Farogh-1-750x369.jpg,1.073506093857725,0
0,Arif Alvi_img_4.jpg,Muhammad Farogh Naseem/16.farogh-age.jpg,1.0546117427731938,0
0,Arif Alvi_img_4.jpg,Muhammad Farogh Naseem/9.farogh-naseem-1.jpg,1.0766407522815933,0
0,Arif Alvi_img_4.jpg,Aisam-Ul-Haq Qureshi/0000056.jpg,0.8952743061290236,0
0,Arif Alvi_img_4.jpg,Aisam-Ul-Haq Qureshi/000055.jpg,0.8564871494624663,0
0,Arif Alvi_img_4.jpg,Aisam-Ul-Haq Qureshi/000051.jpg,0.8729552329645628,0
0,Arif Alvi_img_4.jpg,Aisam-Ul-Haq Qureshi/00062.jpg,0.8545486977044703,0
0,Arif Alvi_img_4.jpg,Aisam-Ul-Haq Qureshi/00015.jpg,0.9236692436094562,0
0,Arif Alvi_img_4.jpg,Aisam-Ul-Haq Qureshi/000004.jpg,0.8937973614310369,0
0,Arif Alvi_img_4.jpg,Aisam-Ul-Haq Qureshi/0000049.jpg,0.8438479170444516,0
0,Arif Alvi_img_4.jpg,Aisam-Ul-Haq Qureshi/00065.jpg,-1.0,1
0,Arif Alvi_img_4.jpg,Aisam-Ul-Haq Qureshi/0057.jpg,0.9361426325787188,0
0,Arif Alvi_img_4.jpg,Aisam-Ul-Haq Qureshi/000056.jpg,0.9341793317595644,0
0,Arif Alvi_img_4.jpg,Aisam-Ul-Haq Qureshi/0000041.jpg,-1.0,1
0,Arif Alvi_img_4.jpg,Aisam-Ul-Haq Qureshi/00008.jpg,0.893028070517415,0
0,Arif Alvi_img_4.jpg,Aisam-Ul-Haq Qureshi/00043.jpg,0.8634559874560128,0
0,Arif Alvi_img_4.jpg,Aisam-Ul-Haq Qureshi/0000037.jpg,0.8456630621166821,0
0,Arif Alvi_img_4.jpg,Aisam-Ul-Haq Qureshi/0061.jpg,-1.0,1
0,Arif Alvi_img_4.jpg,Aisam-Ul-Haq Qureshi/00055.jpg,0.8883100533574759,0
0,Arif Alvi_img_4.jpg,Aisam-Ul-Haq Qureshi/0000059.jpg,0.9171164094707748,0
0,Arif Alvi_img_4.jpg,Aisam-Ul-Haq Qureshi/0062.jpg,0.7973225847018666,0
0,Arif Alvi_img_4.jpg,Aisam-Ul-Haq Qureshi/000009.jpg,0.9215085746825047,0
0,Arif Alvi_img_4.jpg,Aisam-Ul-Haq Qureshi/00036.jpg,0.8930884470299271,0
0,Arif Alvi_img_4.jpg,Aisam-Ul-Haq Qureshi/0000035.jpg,0.897853196797552,0
0,Arif Alvi_img_4.jpg,Aisam-Ul-Haq Qureshi/000010.jpg,-1.0,1
0,Arif Alvi_img_4.jpg,Aisam-Ul-Haq Qureshi/000050.jpg,-1.0,1
0,Arif Alvi_img_4.jpg,Aisam-Ul-Haq Qureshi/000027.jpg,0.7849290509568069,0
0,Arif Alvi_img_4.jpg,Aisam-Ul-Haq Qureshi/0000017.jpg,0.8753861311810395,0
0,Arif Alvi_img_4.jpg,Aisam-Ul-Haq Qureshi/00050.jpg,0.8283807426676832,0
0,Arif Alvi_img_4.jpg,Aisam-Ul-Haq Qureshi/0011.jpg,-1.0,1
0,Arif Alvi_img_4.jpg,Aisam-Ul-Haq Qureshi/000030.jpg,0.8705427518528597,0
0,Arif Alvi_img_4.jpg,Aisam-Ul-Haq Qureshi/0000038.jpg,0.8722989094446981,0
0,Arif Alvi_img_4.jpg,Aisam-Ul-Haq Qureshi/00028.jpg,0.8980304890228082,0
0,Arif Alvi_img_4.jpg,Aisam-Ul-Haq Qureshi/00032.jpg,0.9829317507019911,0
0,Arif Alvi_img_4.jpg,Aisam-Ul-Haq Qureshi/0066.jpg,-1.0,1
0,Arif Alvi_img_4.jpg,Aisam-Ul-Haq Qureshi/00035.jpg,0.8921789321677412,0
0,Arif Alvi_img_4.jpg,Aisam-Ul-Haq Qureshi/000022.jpg,1.0481970545210268,0
0,Arif Alvi_img_4.jpg,Aisam-Ul-Haq Qureshi/000008.jpg,0.9666205069607666,0
0,Arif Alvi_img_4.jpg,Aisam-Ul-Haq Qureshi/0051.jpg,0.9100166594736201,0
0,Arif Alvi_img_4.jpg,Aisam-Ul-Haq Qureshi/000046.jpg,0.8383627196654255,0
0,Arif Alvi_img_4.jpg,Aisam-Ul-Haq Qureshi/00033.jpg,0.9180831156531195,0
0,Arif Alvi_img_4.jpg,Aisam-Ul-Haq Qureshi/00007.jpg,0.9705173519211939,0
0,Arif Alvi_img_4.jpg,Aisam-Ul-Haq Qureshi/0043.jpg,0.866140702944526,0
0,Arif Alvi_img_4.jpg,Raja Pervaiz Ashraf/13.421846-PMRajaPervaizAshraf-1344896336-264-640x480.jpg,-1.0,1
0,Arif Alvi_img_4.jpg,Raja Pervaiz Ashraf/14.Raja-Pervez-Ashraf-640x430.jpg,1.0267635607954102,0
0,Arif Alvi_img_4.jpg,Raja Pervaiz Ashraf/15.ex-pm-ashraf-declared-accused-in-rental-power-scam-7549.jpg,0.9602137268969814,0
0,Arif Alvi_img_4.jpg,Raja Pervaiz Ashraf/7.accountability-court-issues-arrest-warrant-for-former-prime-minister-1491043339-4726.jpg,0.9241225117359815,0
0,Arif Alvi_img_4.jpg,Raja Pervaiz Ashraf/11.Raja-Pervez-Ashraf-1024.jpg,-1.0,1
0,Arif Alvi_img_4.jpg,Raja Pervaiz Ashraf/11.522057-rajapervaizashrafafp-1363496440.jpg,0.829946067024473,0
0,Arif Alvi_img_4.jpg,Raja Pervaiz Ashraf/15.493716-RajaPervezAshrafPHOTOFILE-1358111970.jpg,0.8462773901858291,0
0,Arif Alvi_img_4.jpg,Raja Pervaiz Ashraf/11.pic_1567452461.jpg,-1.0,1
0,Arif Alvi_img_4.jpg,Raja Pervaiz Ashraf/15.raja-parvez-ashraf.jpg,-1.0,1
0,Arif Alvi_img_4.jpg,Raja Pervaiz Ashraf/6.Raja-Pervez-Ashraf-1024.jpg,-1.0,1
0,Arif Alvi_img_4.jpg,Raja Pervaiz Ashraf/14.raja-pervez2-640x360.jpg,-1.0,1
0,Arif Alvi_img_4.jpg,Raja Pervaiz Ashraf/13.raja-pervaiz-ashraf350.jpg,-1.0,1
0,Arif Alvi_img_4.jpg,Raja Pervaiz Ashraf/3.1523168-rajapervaizashrafAFP-1507180434.jpg,1.0013227491108811,0
0,Arif Alvi_img_4.jpg,Raja Pervaiz Ashraf/2.1-3.jpg,0.7889426289482367,0
0,Arif Alvi_img_4.jpg,Raja Pervaiz Ashraf/6.Raja-Pervez-Ashraf1.jpg,-1.0,1
0,Arif Alvi_img_4.jpg,Raja Pervaiz Ashraf/15.raja-ashraf-afp3.jpg,-1.0,1
0,Arif Alvi_img_4.jpg,Raja Pervaiz Ashraf/4.nRSBU9_H_400x400.jpg,0.8878894465076528,0
0,Arif Alvi_img_4.jpg,Raja Pervaiz Ashraf/9.Raja-Pervez-Ashraf-640x430.jpg,1.0267635607954102,0
0,Arif Alvi_img_4.jpg,Raja Pervaiz Ashraf/5.Raja.jpg,-1.0,1
0,Arif Alvi_img_4.jpg,Raja Pervaiz Ashraf/7.nRSBU9_H_400x400.jpg,0.8878894465076528,0
0,Arif Alvi_img_4.jpg,Raja Pervaiz Ashraf/7.pic_1544031588.jpg,0.9352373264523127,0
0,Arif Alvi_img_4.jpg,Raja Pervaiz Ashraf/10.505591_12563836.jpg,-1.0,1
0,Arif Alvi_img_4.jpg,Raja Pervaiz Ashraf/10.raja-pervaiz-ashraf-app-670.jpg,0.8258052317355601,0
0,Arif Alvi_img_4.jpg,Raja Pervaiz Ashraf/16._66202028_66202023.jpg,0.8656865970076439,0
0,Arif Alvi_img_4.jpg,Raja Pervaiz Ashraf/2.raja-pervez2.jpg,-1.0,1
0,Arif Alvi_img_4.jpg,Raja Pervaiz Ashraf/2.Raja.jpg,-1.0,1
0,Arif Alvi_img_4.jpg,Raja Pervaiz Ashraf/6.1561988328.jpg,1.0128063131936489,0
0,Arif Alvi_img_4.jpg,Raja Pervaiz Ashraf/14.sc-orders-arrest-of-pm-ashraf-in-rental-power-corruption-case-9984.jpg,1.0439906556293617,0
0,Arif Alvi_img_4.jpg,Raja Pervaiz Ashraf/8.pic_1571232132.jpg,0.9561354749661397,0
0,Arif Alvi_img_4.jpg,Raja Pervaiz Ashraf/12.RajaPervezAshraf700.jpg,0.940218601674646,0
0,Arif Alvi_img_4.jpg,Raja Pervaiz Ashraf/6.maxresdefault.jpg,-1.0,1
0,Arif Alvi_img_4.jpg,Raja Pervaiz Ashraf/14.raja_afp_1_670.jpg,-1.0,1
0,Arif Alvi_img_4.jpg,Raja Pervaiz Ashraf/12.raja-pervaiz-ashraf-ed69d64b-8c10-41a0-a9cc-f35ccf4774a-resize-750.jpg,0.8794502198571104,0
0,Arif Alvi_img_4.jpg,Raja Pervaiz Ashraf/8.Raja-Pervez-Ashraf_2259347b1.jpg,0.9127732042156581,0
0,Arif Alvi_img_4.jpg,Raja Pervaiz Ashraf/5.Raja-Pervez-Ashraf1.jpg,-1.0,1
0,Arif Alvi_img_4.jpg,Raja Pervaiz Ashraf/9.Raja-Pervez-Ashraf_400.jpg,0.9117657481908238,0
0,Arif Alvi_img_4.jpg,Raja Pervaiz Ashraf/1.58(1).jpg,0.8603423869908424,0
0,Arif Alvi_img_4.jpg,Raja Pervaiz Ashraf/15.pervaiz-ashraf-to-be-indicted-on-29th-in-rpps-reference-1555372081-2086.jpg,0.8240994523322349,0
0,Arif Alvi_img_4.jpg,Raja Pervaiz Ashraf/1.raja-pervaiz-ashraf1.jpg,-1.0,1
0,Arif Alvi_img_4.jpg,Raja Pervaiz Ashraf/5.Raja-Pervaiz.jpg,-1.0,1
0,Arif Alvi_img_4.jpg,Asad Umer/4.1868608-financeministerasadumaraddressesthekarachistockexchangeoctafp-1545032732.jpg,-1.0,1
0,Arif Alvi_img_4.jpg,Asad Umer/4.asad-umar-steps-down-as-chairman-of-na-body-on-finance-1575463299-1387.jpg,0.7199800895389721,0
0,Arif Alvi_img_4.jpg,Asad Umer/6.asad-umar-resigns-bye.jpg,-1.0,1
0,Arif Alvi_img_4.jpg,Asad Umer/9.hqdefault.jpg,0.9652077031539125,0
0,Arif Alvi_img_4.jpg,Asad Umer/1.WmHlcrqk_400x400.jpg,-1.0,1
0,Arif Alvi_img_4.jpg,Asad Umer/5.063549-01-05.jpg,0.7960908705093968,0
0,Arif Alvi_img_4.jpg,Asad Umer/5.402194_1136822_Asad-Umar_updates-1.jpg,-1.0,1
0,Arif Alvi_img_4.jpg,Asad Umer/9.368851_58733027.jpg,0.8301174648015918,0
0,Arif Alvi_img_4.jpg,Asad Umer/2.5e0c6c7389908.jpg,-1.0,1
0,Arif Alvi_img_4.jpg,Asad Umer/3.WmHlcrqk_400x400.jpg,-1.0,1
0,Arif Alvi_img_4.jpg,Asad Umer/6.pic_1551450949.jpg,-1.0,1
0,Arif Alvi_img_4.jpg,Asad Umer/2.Asad-Umar-to-meet-WB-IMF-officials-today.jpg,0.804734141321158,0
0,Arif Alvi_img_4.jpg,Asad Umer/2.Asad-Umar-present-budget.jpg,-1.0,1
0,Arif Alvi_img_4.jpg,Asad Umer/8.5ca4c629a306f.jpg,0.8873912745836989,0
0,Arif Alvi_img_4.jpg,Asad Umer/8.pic_1579704737.jpg,0.8758362564964821,0
0,Arif Alvi_img_4.jpg,Asad Umer/2.5cb87b410e6f7.jpg,0.754525720034704,0
0,Arif Alvi_img_4.jpg,Asad Umer/7.5ca38d97a2c5d.jpg,0.7833815545590219,0
0,Arif Alvi_img_4.jpg,Asad Umer/3.5cb896e9e5b1d.jpg,0.8171723082978275,0
0,Arif Alvi_img_4.jpg,Asad Umer/8.Asad-Umar-3.jpg,-1.0,1
0,Arif Alvi_img_4.jpg,Asad Umer/5.Asad-Umar-4.jpg,0.8384065784573547,0
0,Arif Alvi_img_4.jpg,Asad Umer/1.asad-umar-ceo-engro660.jpg,0.8424871070739348,0
0,Arif Alvi_img_4.jpg,Asad Umer/2.hqdefault.jpg,-1.0,1
0,Arif Alvi_img_4.jpg,Asad Umer/2.5c12919b45ab6.jpg,0.870753518484903,0
0,Arif Alvi_img_4.jpg,Asad Umer/7.ASAD-1-750x369.jpg,0.8824997904516125,0
0,Arif Alvi_img_4.jpg,Asad Umer/3.5dd2a187396b5.jpg,0.8505570802233487,0
0,Arif Alvi_img_4.jpg,Asad Umer/4.402194_1136822_Asad-Umar_updates-1.jpg,-1.0,1
0,Arif Alvi_img_4.jpg,Asad Umer/9.maxresdefault.jpg,0.7428780947152596,0
0,Arif Alvi_img_4.jpg,Asad Umer/9.asad-umar-s-shocking-statement-gives-clean-chit-to-ishaq-dar-pmln-regarding-imf.jpg,0.8063774027424832,0
0,Arif Alvi_img_4.jpg,Asad Umer/5.asad-umar-speech-on-federal-budget-2014-15-in-national-assembly-10th-june-2014.jpg,0.7342706242196946,0
0,Arif Alvi_img_4.jpg,Asad Umer/9.CvZBTPzWAAEUHPH.jpg,-1.0,1
0,Arif Alvi_img_4.jpg,Asad Umer/3.491351_16555910.jpg,0.8521139005012872,0
0,Arif Alvi_img_4.jpg,Asad Umer/7.IMG2730National_Assembly.jpg,-1.0,1
0,Arif Alvi_img_4.jpg,Asad Umer/10.5ca38d97a2c5d.jpg,0.7833815545590219,0
0,Arif Alvi_img_4.jpg,Asad Umer/4.Asad-Umar-Speech-In-Assembly-Against-Govt.jpg,-1.0,1
0,Arif Alvi_img_4.jpg,Asad Umer/6.Asad_Umar.jpg,0.7892945662301817,0
0,Arif Alvi_img_4.jpg,Asad Umer/8.5c115a835df50.jpg,0.8704598028384658,0
0,Arif Alvi_img_4.jpg,Asad Umer/1.402194_1136822_Asad-Umar_updates.jpg,-1.0,1
0,Arif Alvi_img_4.jpg,Asad Umer/7.Asad_Umar.jpg,0.7892945662301817,0
0,Arif Alvi_img_4.jpg,Asad Umer/9.l_459877_064746_updates.jpg,0.8126336923814861,0
0,Arif Alvi_img_4.jpg,Asad Umer/3.1779891-image-1534747821.jpg,0.7519984365802447,0
0,Arif Alvi_img_4.jpg,Bilal Ashraf/12.bilal-age-1.jpg,0.983554924829327,0
0,Arif Alvi_img_4.jpg,Bilal Ashraf/2.bilal-ashraf-1508830036.jpg,0.8241033378129932,0
0,Arif Alvi_img_4.jpg,Bilal Ashraf/1.bilal-ashraf-04-211x300.jpg,0.9443831957657819,0
0,Arif Alvi_img_4.jpg,Bilal Ashraf/6.Cover-Story-10.jpg,0.9168069488013182,0
0,Arif Alvi_img_4.jpg,Bilal Ashraf/2.e6a087762290036f20f6370f90aad1a2.jpg,-1.0,1
0,Arif Alvi_img_4.jpg,Bilal Ashraf/6.bilal-ashraf.jpg,-1.0,1
0,Arif Alvi_img_4.jpg,Bilal Ashraf/1.1-33.jpg,1.0403089534365149,0
0,Arif Alvi_img_4.jpg,Bilal Ashraf/3.Bilal_Ashraf_Pakistani_Film_Actor_And_Visualization_Artist_Celebrity_14_pfrly_Pak101(dot)com.jpg,0.9011647119794671,0
0,Arif Alvi_img_4.jpg,Bilal Ashraf/2.Bilal-Ashraf-1.jpg,0.9280932127139195,0
0,Arif Alvi_img_4.jpg,Bilal Ashraf/8.aa063d931b51d0de994d431da2426130.jpg,-1.0,1
0,Arif Alvi_img_4.jpg,Bilal Ashraf/4.58922dad80b1fdc789f48373827b5761--bilal-ashraf-drama.jpg,0.9868364066691953,0
0,Arif Alvi_img_4.jpg,Bilal Ashraf/6.Bilal_Ashraf_Pakistani_Film_Actor_And_Visualization_Artist_Celebrity_32_dwroq_Pak101(dot)com.jpg,1.0516552370114498,0
0,Arif Alvi_img_4.jpg,Bilal Ashraf/19.PM.jpg,-1.0,1
0,Arif Alvi_img_4.jpg,Bilal Ashraf/6.bilal-ashraf-07.jpg,0.9760852559717924,0
0,Arif Alvi_img_4.jpg,Bilal Ashraf/6.bilal-ashraf-04-211x300.jpg,0.9443831957657819,0
0,Arif Alvi_img_4.jpg,Bilal Ashraf/19.bilal-ashraf-06e8aeeb-aa8a-4108-8804-517dc60f2a3-resize-750.jpg,0.8477570318806089,0
0,Arif Alvi_img_4.jpg,Bilal Ashraf/16.260146_7209663_updates.jpg,0.9787547992185789,0
0,Arif Alvi_img_4.jpg,Bilal Ashraf/13.2-30.jpg,1.0327645416222238,0
0,Arif Alvi_img_4.jpg,Bilal Ashraf/10.bilal-ashraf-lux-style-awards-2017-red-carpet-1.jpg,0.9779457572771477,0
0,Arif Alvi_img_4.jpg,Bilal Ashraf/17.Bilal-Ashraf-Actor-Model-Visual-Effects-Director-201-813.jpg,0.9283323480350444,0
0,Arif Alvi_img_4.jpg,Bilal Ashraf/8.Bilal-Ashraf-Age-Early-Life-Education-Family-Films-Contact-Facebook-Twitter-and-Instagram-e1513174179943.jpg,1.0088000791690708,0
0,Arif Alvi_img_4.jpg,Bilal Ashraf/17.1c720b1a74769055c6c6e142a5ebe4b4--celebrities.jpg,0.9719436658101901,0
0,Arif Alvi_img_4.jpg,Bilal Ashraf/15.23e5ed66bb800171aef0bf02655a2979--pakistani-famous-people.jpg,0.8996557969160505,0
0,Arif Alvi_img_4.jpg,Bilal Ashraf/7.bilal-ashraf-unknown-facts.jpg,-1.0,1
0,Arif Alvi_img_4.jpg,Bilal Ashraf/13.EDI4d4GX4AE8ceB.jpg,1.0045307676462234,0
0,Arif Alvi_img_4.jpg,Bilal Ashraf/9.516b14c6ce9f75e5c97f37905912efd6.jpg,0.947321222250002,0
0,Arif Alvi_img_4.jpg,Bilal Ashraf/1.Bilal-Ashraf-Height-Weight-Age.jpg,-1.0,1
0,Arif Alvi_img_4.jpg,Bilal Ashraf/13.bilal-ashraf-06.jpg,0.8363925407982625,0
0,Arif Alvi_img_4.jpg,Bilal Ashraf/15.Bilal_Ashraf_Pakistani_Film_Actor_And_Visualization_Artist_Celebrity_19_yytvp_Pak101(dot)com.jpg,0.9145895751527697,0
0,Arif Alvi_img_4.jpg,Bilal Ashraf/15.0_1_014413_album.jpg,1.0906102187047797,0
0,Arif Alvi_img_4.jpg,Bilal Ashraf/1.f198f69e60180b491cafda8fa633b06f.jpg,0.9880164053270328,0
0,Arif Alvi_img_4.jpg,Bilal Ashraf/17.2002043-bilalashraf-1561709180.jpg,-1.0,1
0,Arif Alvi_img_4.jpg,Bilal Ashraf/9.09ae689a1bf090885b11a22b722054c9--ethnic.jpg,0.9904728242468072,0
0,Arif Alvi_img_4.jpg,Bilal Ashraf/8.0e26234f250eeda87e00a10beb7f5c49.jpg,1.090954988404814,0
0,Arif Alvi_img_4.jpg,Bilal Ashraf/2.Bilal-Ashraf-10-1068x1068.jpg,1.0779043967654633,0
0,Arif Alvi_img_4.jpg,Bilal Ashraf/1.39346f3dfbd877054291c27054c0d207.jpg,0.8465078717308202,0
0,Arif Alvi_img_4.jpg,Bilal Ashraf/11.ff4f110c36f15e625e3d655f2a58ea8c.jpg,-1.0,1
0,Arif Alvi_img_4.jpg,Bilal Ashraf/3.Bilal-Ashraf-dialogue-pakistan.jpg,0.9259082638895606,0
0,Arif Alvi_img_4.jpg,Bilal Ashraf/19.bilal-ashraf.jpg,0.9881525672513857,0
0,Arif Alvi_img_4.jpg,Bilal Ashraf/13.tumblr_oczqlmnW5T1rzzu7ho1_640.jpg,1.0746091745203294,0
0,Arif Alvi_img_4.jpg,Rana Sana Ullah/9.rana-sanaullah1024.jpg,0.9405158956105941,0
0,Arif Alvi_img_4.jpg,Rana Sana Ullah/11.492421_8515568_Rana-Sanaullah_akhbar.jpg,0.8926564818403978,0
0,Arif Alvi_img_4.jpg,Rana Sana Ullah/16.Rana-Sanaullah-1-2.jpg,0.9063192670810475,0
0,Arif Alvi_img_4.jpg,Rana Sana Ullah/12.rana-sanaullah1024.jpg,0.9405158956105941,0
0,Arif Alvi_img_4.jpg,Rana Sana Ullah/5.5d1ac1a39e467.jpg,0.9534171315139208,0
0,Arif Alvi_img_4.jpg,Rana Sana Ullah/9.hqdefault.jpg,0.7004358680193056,0
0,Arif Alvi_img_4.jpg,Rana Sana Ullah/3.Rana-Sanaullah-1-2.jpg,0.9063192670810475,0
0,Arif Alvi_img_4.jpg,Rana Sana Ullah/14.578129_507204_rana-sana-2_updates.jpg,0.9541049099841672,0
0,Arif Alvi_img_4.jpg,Rana Sana Ullah/15.rana-sana-ullah-750x369.jpg,0.9689678977383531,0
0,Arif Alvi_img_4.jpg,Rana Sana Ullah/17.2071670-RanaSanaullahKhan-1570170007.jpg,0.9115571243248687,0
0,Arif Alvi_img_4.jpg,Rana Sana Ullah/13.Rana-Sanaullah-1-2.jpg,0.9063192670810475,0
0,Arif Alvi_img_4.jpg,Rana Sana Ullah/1.Rana-Sana-Ullah-Khan-e1454099290826.jpg,0.8329586405471098,0
0,Arif Alvi_img_4.jpg,Rana Sana Ullah/3.2003967-sanaullahx-1561989397.jpg,-1.0,1
0,Arif Alvi_img_4.jpg,Rana Sana Ullah/7.rana-sanaullah-law-minister-1999-mpa-1476267029-4040.jpg,0.9264570943889956,0
0,Arif Alvi_img_4.jpg,Rana Sana Ullah/2.32-300x194.jpg,0.9460115364783296,0
0,Arif Alvi_img_4.jpg,Rana Sana Ullah/11.5dabda6726ce8.jpg,0.9105090885677001,0
0,Arif Alvi_img_4.jpg,Rana Sana Ullah/11.5d1ac1a39e467.jpg,0.9534171315139208,0
0,Arif Alvi_img_4.jpg,Rana Sana Ullah/7.rana-sanaullah1024.jpg,0.9405158956105941,0
0,Arif Alvi_img_4.jpg,Rana Sana Ullah/11.492451_2488424_Rana-Sanaullah-2_akhbar.jpg,0.9953050406816365,0
0,Arif Alvi_img_4.jpg,Rana Sana Ullah/13.Samaa-unearths-how-info-leaked-about-Faisalabad-shooter.jpg,-1.0,1
0,Arif Alvi_img_4.jpg,Rana Sana Ullah/7.rana-sanaullah-2.jpg,0.9063192670810475,0
0,Arif Alvi_img_4.jpg,Rana Sana Ullah/7.maxresdefault.jpg,0.8786779881834299,0
0,Arif Alvi_img_4.jpg,Rana Sana Ullah/1.2003967-sanaullahx-1561989397.jpg,-1.0,1
0,Arif Alvi_img_4.jpg,Rana Sana Ullah/15.adb821090ca7b277921627027cf4350f_XL.jpg,0.963654024728748,0
0,Arif Alvi_img_4.jpg,Rana Sana Ullah/13.rana-sanaullah1024.jpg,0.9405158956105941,0
0,Arif Alvi_img_4.jpg,Rana Sana Ullah/10.578129_507204_rana-sana-2_updates.jpg,0.9541049099841672,0
0,Arif Alvi_img_4.jpg,Rana Sana Ullah/8.pic_1532600643.jpg,1.024973218250051,0
0,Arif Alvi_img_4.jpg,Rana Sana Ullah/4.2003967-sanaullahx-1561989397.jpg,-1.0,1
0,Arif Alvi_img_4.jpg,Rana Sana Ullah/8.rana-sanaullah1024.jpg,0.9405158956105941,0
0,Arif Alvi_img_4.jpg,Rana Sana Ullah/2.2003967-sanaullahx-1561989397.jpg,-1.0,1
0,Arif Alvi_img_4.jpg,Rana Sana Ullah/3.Rana-Sanaullah-3.jpg,-1.0,1
0,Arif Alvi_img_4.jpg,Rana Sana Ullah/12.rana-sanaullah-retains-na-106-seat-against-pti-following-vote-recount-1533114510-1950.jpg,0.9560011947017675,0
0,Arif Alvi_img_4.jpg,Rana Sana Ullah/9.2010810-sanaullahx-1562826416.jpg,-1.0,1
0,Arif Alvi_img_4.jpg,Rana Sana Ullah/8.DIJtyUGW0AA8qej.jpg,0.9117586937029412,0
0,Arif Alvi_img_4.jpg,Rana Sana Ullah/13.492451_2488424_Rana-Sanaullah-2_akhbar.jpg,0.9953050406816365,0
0,Arif Alvi_img_4.jpg,Rana Sana Ullah/6.2041125-RanaSanaullahKhan-1566630419.jpg,0.9115571243248687,0
0,Arif Alvi_img_4.jpg,Rana Sana Ullah/13.pic_1524040443.jpg,1.024973218250051,0
0,Arif Alvi_img_4.jpg,Rana Sana Ullah/3.Rana-Sanaullah-5.jpg,-1.0,1
0,Arif Alvi_img_4.jpg,Rana Sana Ullah/9.pic_1524040443.jpg,1.024973218250051,0
0,Arif Alvi_img_4.jpg,Rana Sana Ullah/17.Rana-Sanaullah-1-2.jpg,0.9063192670810475,0
0,Arif Alvi_img_4.jpg,Aamir Hussain Liaquat/10.445428_37309166.jpg,-1.0,1
0,Arif Alvi_img_4.jpg,Aamir Hussain Liaquat/19.People-Are-Commenting-On-Aamir-Liaquats-Shirt-41-895x1024.jpg,0.8719798642571784,0
0,Arif Alvi_img_4.jpg,Aamir Hussain Liaquat/7.1970671-DrAamirLiaquat-1557564633.jpg,0.931079057507329,0
0,Arif Alvi_img_4.jpg,Aamir Hussain Liaquat/14.Vbxwk7cJNL0-v1496185940.jpg,0.9110589004272596,0
0,Arif Alvi_img_4.jpg,Aamir Hussain Liaquat/4.Aamir-Liaquat-pp.jpg,0.8474335382363003,0
0,Arif Alvi_img_4.jpg,Aamir Hussain Liaquat/11.1134913-AL-1467475642.jpg,0.9488973234985962,0
0,Arif Alvi_img_4.jpg,Aamir Hussain Liaquat/11.Screenshot_2018-09-02-12-39-40-1_1535874542239.jpg,-1.0,1
0,Arif Alvi_img_4.jpg,Aamir Hussain Liaquat/9.568793886bd40.jpg,-1.0,1
0,Arif Alvi_img_4.jpg,Aamir Hussain Liaquat/19.2044916-aamirliaquat-1567074659.jpg,-1.0,1
0,Arif Alvi_img_4.jpg,Aamir Hussain Liaquat/5.1540336-DrAamirLiaquat-1508873882.jpg,-1.0,1
0,Arif Alvi_img_4.jpg,Aamir Hussain Liaquat/4.7b736fa3bc29f231a494da5aa0519879.jpg,0.9574110765151524,0
0,Arif Alvi_img_4.jpg,Aamir Hussain Liaquat/5.Dr-Aamir-Liaquat-Hussain.jpg,1.057539142675904,0
0,Arif Alvi_img_4.jpg,Aamir Hussain Liaquat/7.1540336-DrAamirLiaquat-1508873882.jpg,0.8613389645613465,0
0,Arif Alvi_img_4.jpg,Aamir Hussain Liaquat/8.Amir-Liaquat-Hussain-naat.jpg,0.976564168804147,0
0,Arif Alvi_img_4.jpg,Aamir Hussain Liaquat/15.1_16a08463934.2141077_4257765303_16a08463934_large.jpg,0.9122695173274784,0
0,Arif Alvi_img_4.jpg,Aamir Hussain Liaquat/17.Dr.Aamir-Liaquat.jpg,0.8736552751066897,0
0,Arif Alvi_img_4.jpg,Aamir Hussain Liaquat/2.Untitled-3-2.jpg,-1.0,1
0,Arif Alvi_img_4.jpg,Aamir Hussain Liaquat/11.Aamir-Liaquat-Hussain-Family-03-770x430.jpg,-1.0,1
0,Arif Alvi_img_4.jpg,Aamir Hussain Liaquat/13.1800436-aamirliaquatscreenx-1536654657-596-640x480.jpg,0.9724487517438128,0
0,Arif Alvi_img_4.jpg,Aamir Hussain Liaquat/16.DfiCscQX0AEWLrN.jpg,-1.0,1
0,Arif Alvi_img_4.jpg,Aamir Hussain Liaquat/9.satire-nazuk-surat-e-haal-for-mqm-aamir-liaquat-22fa3de5763038dbbfc269d4e2b301bd.jpg,0.9947596749760166,0
0,Arif Alvi_img_4.jpg,Aamir Hussain Liaquat/15.maxresdefault.jpg,-1.0,1
0,Arif Alvi_img_4.jpg,Aamir Hussain Liaquat/14.Aamir-Liaquat-Hussain-Family--600x265.jpg,-1.0,1
0,Arif Alvi_img_4.jpg,Aamir Hussain Liaquat/19.372270_88237047.jpg,-1.0,1
0,Arif Alvi_img_4.jpg,Aamir Hussain Liaquat/14.amirliaquatvalima2-768x773.jpg,-1.0,1
0,Arif Alvi_img_4.jpg,Aamir Hussain Liaquat/2.35-1.jpg,-1.0,1
0,Arif Alvi_img_4.jpg,Aamir Hussain Liaquat/16.372270_88237047.jpg,0.9706077180227249,0
0,Arif Alvi_img_4.jpg,Aamir Hussain Liaquat/4.aamir-liaquat-posts-valima-pictures-with-his-new-wife-640x384.jpg,-1.0,1
0,Arif Alvi_img_4.jpg,Aamir Hussain Liaquat/18.Amir-Liaqat-Sues-Load-Wedding-758x424 - Copy.jpg,-1.0,1
0,Arif Alvi_img_4.jpg,Aamir Hussain Liaquat/13.amir-liaquat-lawn.jpg,-1.0,1
0,Arif Alvi_img_4.jpg,Aamir Hussain Liaquat/10.Dr.Aamir-Liaquat-Hussain-Celebrating-His-First-Anniversary-5-1024x1024-1-758x499.jpg,-1.0,1
0,Arif Alvi_img_4.jpg,Aamir Hussain Liaquat/18.tuba-3-1.jpg,-1.0,1
0,Arif Alvi_img_4.jpg,Aamir Hussain Liaquat/10.hqdefault.jpg,0.9231505800506623,0
0,Arif Alvi_img_4.jpg,Aamir Hussain Liaquat/17.a21-10.jpg,0.9820722647172423,0
0,Arif Alvi_img_4.jpg,Aamir Hussain Liaquat/7.27224-aamiwe-1429360026-732-640x480.jpg,0.8857791422235485,0
0,Arif Alvi_img_4.jpg,Aamir Hussain Liaquat/8.D7iA7ehWkAA5i7l.jpg,-1.0,1
0,Arif Alvi_img_4.jpg,Aamir Hussain Liaquat/18.Aamir_liaquat_hussain_image_201310.jpg,-1.0,1
0,Arif Alvi_img_4.jpg,Aamir Hussain Liaquat/16.amir-second-2.jpg,-1.0,1
0,Arif Alvi_img_4.jpg,Aamir Hussain Liaquat/14.dua-aamir-liaquat.jpg,-1.0,1
0,Arif Alvi_img_4.jpg,Aamir Hussain Liaquat/7.aamir-liaquat-640x407.jpg,-1.0,1
0,Arif Alvi_img_4.jpg,Zainab Abbas/6.rHxhMl5d_400x400.jpg,0.8596394427668441,0
0,Arif Alvi_img_4.jpg,Zainab Abbas/2.26113964_1701359529885866_4513238141732316431_n.jpg,0.8987096226090973,0
0,Arif Alvi_img_4.jpg,Zainab Abbas/3.Zainab-Abbas-Model-Actress-Anchor-Host-341-4707.jpg,0.8864564011886525,0
0,Arif Alvi_img_4.jpg,Zainab Abbas/7.54447120_125228188560720_4407827760439129586_n.jpg,0.9143496044403013,0
0,Arif Alvi_img_4.jpg,Zainab Abbas/5.zainabbbbbbbbb-b.jpg,0.9485400239260833,0
0,Arif Alvi_img_4.jpg,Zainab Abbas/4.Zainab-Abbas-Model-Actress-Anchor-Host-341-4704.jpg,0.8764201955066777,0
0,Arif Alvi_img_4.jpg,Zainab Abbas/4.Zainab-Abbas-teeths.jpg,-1.0,1
0,Arif Alvi_img_4.jpg,Zainab Abbas/3.zainab-abbas-dunya-tv.jpg,0.8700975177625268,0
0,Arif Alvi_img_4.jpg,Zainab Abbas/3.2106224-zainababbas-1574674210.jpg,0.9131019194895844,0
0,Arif Alvi_img_4.jpg,Zainab Abbas/3.maxresdefault.jpg,1.0075280588847577,0
0,Arif Alvi_img_4.jpg,Zainab Abbas/2.maxresdefault-7.jpg,0.960342332319441,0
0,Arif Alvi_img_4.jpg,Zainab Abbas/5.Zainab-Abbas-teeths.jpg,-1.0,1
0,Arif Alvi_img_4.jpg,Zainab Abbas/1.2-36-e1526706597915.jpg,0.883899239513163,0
0,Arif Alvi_img_4.jpg,Zainab Abbas/4.D61lyoLXkAA1Yab.jpg,0.8345055628537633,0
0,Arif Alvi_img_4.jpg,Zainab Abbas/1.Zainab-Abbas-Model-Actress-Anchor-Host-341.jpg,0.9468910729917805,0
0,Arif Alvi_img_4.jpg,Zainab Abbas/6.zainab-abbas-dunya-tv.jpg,0.8700975177625268,0
0,Arif Alvi_img_4.jpg,Zainab Abbas/3.Zainab-Abbas-Photo.jpg,1.0186235765312515,0
0,Arif Alvi_img_4.jpg,Zainab Abbas/2.gSSo1CW.jpg,1.0076289913980196,0
0,Arif Alvi_img_4.jpg,Zainab Abbas/1.26239389_1715761131779039_7417361403916059681_n.jpg,0.898809323900513,0
0,Arif Alvi_img_4.jpg,Zainab Abbas/4.Zainab-Introduction.jpg,0.9860582820918041,0
0,Arif Alvi_img_4.jpg,Zainab Abbas/6.Zainab-Abbas-Model-Actress-Anchor-Host-341-4705.jpg,-1.0,1
0,Arif Alvi_img_4.jpg,Zainab Abbas/5.Zainab-Abbas-Model-Actress-Anchor-Host-341.jpg,0.9468910729917805,0
0,Arif Alvi_img_4.jpg,Zainab Abbas/1.5943a64c1e8a9.jpg,0.9327502776235663,0
0,Arif Alvi_img_4.jpg,Zainab Abbas/5.Zainab-Abbas-Model-Actress-Anchor-Host-341-4708.jpg,0.8897707158144604,0
0,Arif Alvi_img_4.jpg,Zainab Abbas/2.Zainab-Abbas-Body-Measurement-Bra-Size-Husband-DOB.jpg,1.053635830847751,0
0,Arif Alvi_img_4.jpg,Zainab Abbas/5.Zainab-Introduction.jpg,0.9860582820918041,0
0,Arif Alvi_img_4.jpg,Zainab Abbas/3.Zainab-Abbas-white.jpg,0.845369996617713,0
0,Arif Alvi_img_4.jpg,Zainab Abbas/4.zainab-abbas-psl-host.jpg,-1.0,1
0,Arif Alvi_img_4.jpg,Zainab Abbas/6.Zainab-Abbas-Model-Actress-Anchor-Host-341-4702.jpg,0.8933057040651674,0
0,Arif Alvi_img_4.jpg,Zainab Abbas/5.Zainab-Abbas-white.jpg,0.845369996617713,0
0,Arif Alvi_img_4.jpg,Zainab Abbas/1.Zainab-Abbas-Model-Actress-Anchor-Host-341-4703.jpg,0.860854636121908,0
0,Arif Alvi_img_4.jpg,Zainab Abbas/5.pic_1527067008.jpg,0.8956325108386887,0
0,Arif Alvi_img_4.jpg,Zainab Abbas/7.5-1482858190.jpg,-1.0,1
0,Arif Alvi_img_4.jpg,Zainab Abbas/4.Zainab-Abbas.jpg,0.9514579159225701,0
0,Arif Alvi_img_4.jpg,Zainab Abbas/6.zainabababdk040505.jpg,0.8458376645916745,0
0,Arif Alvi_img_4.jpg,Zainab Abbas/3.Zainab-Abbas-Model-Actress-Anchor-Host-341.jpg,0.9468910729917805,0
0,Arif Alvi_img_4.jpg,Zainab Abbas/6.cfa463527bf18ed24c55551ce689a261.jpg,0.9117943069135055,0
0,Arif Alvi_img_4.jpg,Zainab Abbas/1.12833318_943805045672790_1372297509_n.jpg,0.8953014598358282,0
0,Arif Alvi_img_4.jpg,Zainab Abbas/7.2-36-e1526706597915.jpg,0.883899239513163,0
0,Arif Alvi_img_4.jpg,Zainab Abbas/5.hqdefault.jpg,0.9517823129030843,0
0,Arif Alvi_img_4.jpg,Omar Ayub Khan/6.2047821-duntwwoaejgp-1567449125-728-640x480.jpg,0.869927426478309,0
0,Arif Alvi_img_4.jpg,Omar Ayub Khan/5.pic_1546530002.jpg,0.8106883480374817,0
0,Arif Alvi_img_4.jpg,Omar Ayub Khan/1.17(1).jpg,0.9081904506142733,0
0,Arif Alvi_img_4.jpg,Omar Ayub Khan/9.omer-ayub.jpg,0.8462416558574456,0
0,Arif Alvi_img_4.jpg,Omar Ayub Khan/5.omar-ayub-khan-8dbc70fc-06c2-462f-b307-959aaa25036-resize-750.jpg,1.0219948554410752,0
0,Arif Alvi_img_4.jpg,Omar Ayub Khan/2.Power-Minister-Omar-Ayub-Khan.jpg,0.814380426394814,0
0,Arif Alvi_img_4.jpg,Omar Ayub Khan/3.1967129-duntwwoaejgp-1557200772.jpg,0.864478584815732,0
0,Arif Alvi_img_4.jpg,Omar Ayub Khan/10.17(1).jpg,0.9081904506142733,0
0,Arif Alvi_img_4.jpg,Omar Ayub Khan/2.940404-___n-1439941994-244-640x480.jpg,0.8314304000115715,0
0,Arif Alvi_img_4.jpg,Omar Ayub Khan/3.pic_1532679879.jpg,0.8472058530535109,0
0,Arif Alvi_img_4.jpg,Omar Ayub Khan/7.pak-uzbekistan-agree-to-form-group-on-energy-1568577792-5055.jpg,0.9410488342371546,0
0,Arif Alvi_img_4.jpg,Omar Ayub Khan/9.Omar-Ayub.jpg,0.9773641625280456,0
0,Arif Alvi_img_4.jpg,Omar Ayub Khan/10.Umar-Ayub-1024.jpg,0.9147276780376817,0
0,Arif Alvi_img_4.jpg,Omar Ayub Khan/11.512356_74914166.jpg,0.9074200312810947,0
0,Arif Alvi_img_4.jpg,Omar Ayub Khan/7.Omar-Ayub-Khan.jpg,0.9163498626729214,0
0,Arif Alvi_img_4.jpg,Omar Ayub Khan/11.Omar-Ayub.jpg,0.9773641625280456,0
0,Arif Alvi_img_4.jpg,Omar Ayub Khan/12.79720517907bcf4f63b1566d1c6a01f4_M.jpg,0.9597085663391114,0
0,Arif Alvi_img_4.jpg,Omar Ayub Khan/12.2047821-duntwwoaejgp-1567449125-728-640x480.jpg,0.869927426478309,0
0,Arif Alvi_img_4.jpg,Omar Ayub Khan/3.Omer-Ayub-Khan.jpg,0.9645243887595198,0
0,Arif Alvi_img_4.jpg,Omar Ayub Khan/6.pic_1575458561.jpg,0.8236773833419109,0
0,Arif Alvi_img_4.jpg,Omar Ayub Khan/4.1967129-duntwwoaejgp-1557200772.jpg,0.864478584815732,0
0,Arif Alvi_img_4.jpg,Omar Ayub Khan/14.5d6ddbba35f6a.jpg,0.8756774712306631,0
0,Arif Alvi_img_4.jpg,Omar Ayub Khan/8.omar-ayub-khan-8dbc70fc-06c2-462f-b307-959aaa25036-resize-750.jpg,1.0219948554410752,0
0,Arif Alvi_img_4.jpg,Omar Ayub Khan/7.1967129-duntwwoaejgp-1557200772.jpg,0.864478584815732,0
0,Arif Alvi_img_4.jpg,Omar Ayub Khan/8.pic_1552409848.jpg,0.828495640623298,0
0,Arif Alvi_img_4.jpg,Omar Ayub Khan/7.Omer-Ayub-Khan-750x369.jpg,0.9110405623334916,0
0,Arif Alvi_img_4.jpg,Omar Ayub Khan/1.xomar-ayub.jpg,0.9088927941163383,0
0,Arif Alvi_img_4.jpg,Omar Ayub Khan/5.pic_1575458561.jpg,0.8236773833419109,0
0,Arif Alvi_img_4.jpg,Omar Ayub Khan/5.Omer-Ayub-Khan.jpg,0.9645243887595198,0
0,Arif Alvi_img_4.jpg,Omar Ayub Khan/3.Omar-Ayub-Power-Minister-750x369.jpg,0.940193298697616,0
0,Arif Alvi_img_4.jpg,Omar Ayub Khan/8.Omar-Ayub-PC.jpg,0.9191565862413468,0
0,Arif Alvi_img_4.jpg,Omar Ayub Khan/9.OAK.jpg,0.9081904506142733,0
0,Arif Alvi_img_4.jpg,Omar Ayub Khan/11.5d1777f2dc504.jpg,0.9753859804335432,0
0,Arif Alvi_img_4.jpg,Omar Ayub Khan/2.17(1).jpg,0.9081904506142733,0
0,Arif Alvi_img_4.jpg,Omar Ayub Khan/10.Omar-Ayub.jpg,0.9773641625280456,0
0,Arif Alvi_img_4.jpg,Omar Ayub Khan/6.5d96bc1faf0c7.jpg,0.9753859804335432,0
0,Arif Alvi_img_4.jpg,Omar Ayub Khan/12.pic_1569497471.jpg,-1.0,1
0,Arif Alvi_img_4.jpg,Omar Ayub Khan/8.Omer-Ayub-Khan-750x369.jpg,0.8427343063451519,0
0,Arif Alvi_img_4.jpg,Omar Ayub Khan/4.pic_1567086462.jpg,0.9054501083446121,0
0,Arif Alvi_img_4.jpg,Omar Ayub Khan/10.pic_1557149491.jpg,0.8046288737307081,0
0,Arif Alvi_img_4.jpg,Babar Azam/9.babar-azam-1.jpg,0.969764115232088,0
0,Arif Alvi_img_4.jpg,Babar Azam/6.2759.jpg,0.931227922188697,0
0,Arif Alvi_img_4.jpg,Babar Azam/9.Babar-Azam_16e035aa3b0_large.jpg,0.8570734284800277,0
0,Arif Alvi_img_4.jpg,Babar Azam/13.babar-azam-pakistani-Cricketer-profile-picutre.jpg,0.9019229589688236,0
0,Arif Alvi_img_4.jpg,Babar Azam/5.mohammad-babar-azam_636960270065443289.jpg,0.9375244026785371,0
0,Arif Alvi_img_4.jpg,Babar Azam/8.465_2763122_updates.jpg,0.9474129103526552,0
0,Arif Alvi_img_4.jpg,Babar Azam/4.Babar28.jpg,0.9528467875582225,0
0,Arif Alvi_img_4.jpg,Babar Azam/1.7gpSABBO_400x400.jpg,0.9222940160727965,0
0,Arif Alvi_img_4.jpg,Babar Azam/2.maxresdefault.jpg,0.8591722461005639,0
0,Arif Alvi_img_4.jpg,Babar Azam/9.aa-Cover-uf8oitmerej3i887vc4j7ldka0-20190524095942.jpg,0.9665463667976217,0
0,Arif Alvi_img_4.jpg,Babar Azam/11.babar-azam-955f2333-cec4-4a55-8ac0-666b2a4010e-resize-750.jpg,0.9105367482673763,0
0,Arif Alvi_img_4.jpg,Babar Azam/7.DMKiLYPUMAARndf.jpg,-1.0,1
0,Arif Alvi_img_4.jpg,Babar Azam/10.Pakistani-batsman-Babar-Azam.jpg,-1.0,1
0,Arif Alvi_img_4.jpg,Babar Azam/1.Babar-Azam-as-seen-in-a-picture-taken-in-June-2019.jpg,0.9367440945624106,0
0,Arif Alvi_img_4.jpg,Babar Azam/5.Babar-Azam-PAK-v-NZ-_-AP-380_opt.jpg,0.8962662641568673,0
0,Arif Alvi_img_4.jpg,Babar Azam/8.69687837.jpg,0.9338344027080518,0
0,Arif Alvi_img_4.jpg,Babar Azam/13.maxresdefault-6-1.jpg,-1.0,1
0,Arif Alvi_img_4.jpg,Babar Azam/14.Babar-Azam.jpg,-1.0,1
0,Arif Alvi_img_4.jpg,Babar Azam/12.bYi1tiuq_400x400.jpg,0.8993174154287945,0
0,Arif Alvi_img_4.jpg,Babar Azam/8.deb1fbb82961c3872319572498404704.jpg,1.0400584190758926,0
0,Arif Alvi_img_4.jpg,Babar Azam/11.634510-617863-babar-azam-afp.jpg,0.9280401520978724,0
0,Arif Alvi_img_4.jpg,Babar Azam/2.DMK7Ax8W4AISpFq.jpg,-1.0,1
0,Arif Alvi_img_4.jpg,Babar Azam/9.Babar-Azam.jpg,-1.0,1
0,Arif Alvi_img_4.jpg,Babar Azam/14.Babar20Azam20004-73-1483547139.jpg,0.7852782757627179,0
0,Arif Alvi_img_4.jpg,Babar Azam/13.Babar-Azam.jpg,-1.0,1
0,Arif Alvi_img_4.jpg,Babar Azam/4.5ce7f65146d54.jpg,0.9231429468403382,0
0,Arif Alvi_img_4.jpg,Babar Azam/3.o4GCn2AK_400x400.jpg,0.9562141755061261,0
0,Arif Alvi_img_4.jpg,Babar Azam/9.EBvz-ZpWkAEfaCq.jpg,0.9130413904869004,0
0,Arif Alvi_img_4.jpg,Babar Azam/6.babar-2.jpg,0.9779009878584577,0
0,Arif Alvi_img_4.jpg,Babar Azam/11.babar_azam_517.jpg,0.9255236602415975,0
0,Arif Alvi_img_4.jpg,Babar Azam/13.260651_023453_updates.jpg,0.9190887771830273,0
0,Arif Alvi_img_4.jpg,Babar Azam/7.1eb43cca6c13030337512058317d79e8.jpg,0.7843740887649424,0
0,Arif Alvi_img_4.jpg,Babar Azam/6.5ce7f65146d54.jpg,0.9231429468403382,0
0,Arif Alvi_img_4.jpg,Babar Azam/10.2759.jpg,0.931227922188697,0
0,Arif Alvi_img_4.jpg,Babar Azam/2.Sarfaraz-Ahmed-and-Babar-Azam.jpg,-1.0,1
0,Arif Alvi_img_4.jpg,Babar Azam/2.cricket-pak-sri_7a3c709e-b0c3-11e7-9bc1-6ddb500cf946.jpg,0.9023933658101706,0
0,Arif Alvi_img_4.jpg,Babar Azam/9.42tf6ld_babar-azam-afp_625x300_19_November_19.jpg,0.9010136482870442,0
0,Arif Alvi_img_4.jpg,Babar Azam/7.381f06464f295b3946be5b4ed2ab656b.jpg,0.8663745441901404,0
0,Arif Alvi_img_4.jpg,Babar Azam/3.babar-azam-a9b5622c-fc0b-4d97-be9b-b853582a7a1-resize-750.jpg,0.8448399861852987,0
0,Arif Alvi_img_4.jpg,Babar Azam/8.Babar-Azam.jpg,1.0435779505082083,0
0,Arif Alvi_img_4.jpg,Jibran Nasir/8.Jibran.jpg,0.9275183977701281,0
0,Arif Alvi_img_4.jpg,Jibran Nasir/11.5b4f5c9eaec6d.jpg,0.9444079428313639,0
0,Arif Alvi_img_4.jpg,Jibran Nasir/15.Jibran-Nasir.jpg,0.9760398162356256,0
0,Arif Alvi_img_4.jpg,Jibran Nasir/7.BtZBF8pCUAENxno.jpg,-1.0,1
0,Arif Alvi_img_4.jpg,Jibran Nasir/13.26318-BSxhdGCYAAPIc-1424504380-169-640x480.jpg,0.9696474895364129,0
0,Arif Alvi_img_4.jpg,Jibran Nasir/6.1302735-jibrannasir-1485007338.jpg,1.0494553017791486,0
0,Arif Alvi_img_4.jpg,Jibran Nasir/1.jibrannasir.jpg,1.0385762339987314,0
0,Arif Alvi_img_4.jpg,Jibran Nasir/15.jibran-nasir-and-so-called-civil-society-badly-exposed-must-watch.jpg,1.009792742249796,0
0,Arif Alvi_img_4.jpg,Jibran Nasir/20.2.jpg,0.8926429715983801,0
0,Arif Alvi_img_4.jpg,Jibran Nasir/3.jibby-cover-mb.jpg,-1.0,1
0,Arif Alvi_img_4.jpg,Jibran Nasir/16.345253_1879268_updates.jpg,1.014411392354358,0
0,Arif Alvi_img_4.jpg,Jibran Nasir/11.Screenshot_2018-08-14-20-36-53-1.jpg,1.0205394474399718,0
0,Arif Alvi_img_4.jpg,Jibran Nasir/15.maxresdefault.jpg,0.9792713062917533,0
0,Arif Alvi_img_4.jpg,Jibran Nasir/9.5b165b0713ce3.jpg,0.9289599007435033,0
0,Arif Alvi_img_4.jpg,Jibran Nasir/10.jibran.jpg,1.0494553017791486,0
0,Arif Alvi_img_4.jpg,Jibran Nasir/4.jibby-cover-mb.jpg,-1.0,1
0,Arif Alvi_img_4.jpg,Jibran Nasir/1.69477-jibranjpg-1532086898-667-640x480.jpg,1.045199990487396,0
0,Arif Alvi_img_4.jpg,Jibran Nasir/2.jibrannasir.jpg,1.0385762339987314,0
0,Arif Alvi_img_4.jpg,Jibran Nasir/3.iLro883p_400x400.jpg,0.8810044510722274,0
0,Arif Alvi_img_4.jpg,Jibran Nasir/18.19427850_304.jpg,-1.0,1
0,Arif Alvi_img_4.jpg,Jibran Nasir/17.1290080-jibrannasir-1484041063.jpg,1.0494553017791486,0
0,Arif Alvi_img_4.jpg,Jibran Nasir/2.69477-jibranjpg-1532086898-667-640x480.jpg,1.045199990487396,0
0,Arif Alvi_img_4.jpg,Jibran Nasir/3.jibran.jpg,1.0494553017791486,0
0,Arif Alvi_img_4.jpg,Jibran Nasir/3.jibrannasirmbcoverimagetoottoo.jpg,1.0096683762742475,0
0,Arif Alvi_img_4.jpg,Jibran Nasir/15.5b165b0713ce3.jpg,0.9289599007435033,0
0,Arif Alvi_img_4.jpg,Jibran Nasir/16.jibrannasir.jpg,1.0385762339987314,0
0,Arif Alvi_img_4.jpg,Jibran Nasir/14.JN.jpg,0.9204421658725985,0
0,Arif Alvi_img_4.jpg,Jibran Nasir/14.jibrannasirmbcoverimagetoottoo.jpg,1.0096683762742475,0
0,Arif Alvi_img_4.jpg,Jibran Nasir/1.346536_879461_updates.jpg,1.0227979371230531,0
0,Arif Alvi_img_4.jpg,Jibran Nasir/17.Jibran-Featured.jpg,0.8968266649943957,0
0,Arif Alvi_img_4.jpg,Jibran Nasir/3.69477-jibranjpg-1532086898-667-640x480.jpg,1.045199990487396,0
0,Arif Alvi_img_4.jpg,Jibran Nasir/11.5b165b0713ce3.jpg,0.9289599007435033,0
0,Arif Alvi_img_4.jpg,Jibran Nasir/19.5b4f5c9eaec6d.jpg,0.9444079428313639,0
0,Arif Alvi_img_4.jpg,Jibran Nasir/17.Jibran-Nasir-01-e1453725341464.jpg,1.0055559255936122,0
0,Arif Alvi_img_4.jpg,Jibran Nasir/5.5b3a4644d2d89.jpg,0.9904018128245153,0
0,Arif Alvi_img_4.jpg,Jibran Nasir/18.jibran-nasir-sought-public-sympathy-for-elections-through-road-rage-allege-police-1572332340-9594.jpg,1.0562151875826733,0
0,Arif Alvi_img_4.jpg,Jibran Nasir/20.5b3e54b9bf789.jpg,1.014670587472504,0
0,Arif Alvi_img_4.jpg,Jibran Nasir/1.Jibran-Nasir-01-e1453725341464-1.jpg,1.0055559255936122,0
0,Arif Alvi_img_4.jpg,Jibran Nasir/1.jibran.jpg,1.0494553017791486,0
0,Arif Alvi_img_4.jpg,Jibran Nasir/17.Jibby.jpg,0.9724516863286441,0
0,Arif Alvi_img_4.jpg,Javed Sheikh/14.javed-sheikh.jpg,0.8736435938569039,0
0,Arif Alvi_img_4.jpg,Javed Sheikh/16.220px-Javed_Sheikh_and_Amrita_Rao_at_Premiere_Of_My_Name_Is_Anthony_Gonsalves__28cropped_29.jpg,0.8585058832644599,0
0,Arif Alvi_img_4.jpg,Javed Sheikh/00000003.jpg,0.9132049914016279,0
0,Arif Alvi_img_4.jpg,Javed Sheikh/00000006 (3).jpg,0.8561817458142211,0
0,Arif Alvi_img_4.jpg,Javed Sheikh/18.javed-sheikh-600x300.jpg,0.8713117290282965,0
0,Arif Alvi_img_4.jpg,Javed Sheikh/25.javed-sheikh-on-his-lost-role-in-veere-di-wedding-1-640x384.jpg,0.8951531048729724,0
0,Arif Alvi_img_4.jpg,Javed Sheikh/19.tribune_file_2_edit-1511003393.jpg,0.9787658480473062,0
0,Arif Alvi_img_4.jpg,Javed Sheikh/00000001 (5).jpg,0.8585058832644599,0
0,Arif Alvi_img_4.jpg,Javed Sheikh/00000005 (2).jpg,0.856115437610291,0
0,Arif Alvi_img_4.jpg,Javed Sheikh/22.javed-sheikh-blames-the-industry-injustice-for-wajood-failure-1.jpg,0.928632493886365,0
0,Arif Alvi_img_4.jpg,Javed Sheikh/19.Javed_Sheikh_and_Amrita_Rao_at_Premiere_Of_My_Name_Is_Anthony_Gonsalves__28cropped_29.jpg,0.7704463202461967,0
0,Arif Alvi_img_4.jpg,Javed Sheikh/00000024 (6).jpg,0.8967297230899285,0
0,Arif Alvi_img_4.jpg,Javed Sheikh/00000000.jpg,0.8585058832644599,0
0,Arif Alvi_img_4.jpg,Javed Sheikh/00000000 (6).jpg,0.856115437610291,0
0,Arif Alvi_img_4.jpg,Javed Sheikh/4.56514a06e9e0d.jpg,0.8027449232831646,0
0,Arif Alvi_img_4.jpg,Javed Sheikh/20.220px-Javed_Sheikh_and_Amrita_Rao_at_Premiere_Of_My_Name_Is_Anthony_Gonsalves__28cropped_29.jpg,0.8585058832644599,0
0,Arif Alvi_img_4.jpg,Javed Sheikh/00000003 (3).jpg,0.7050325523023349,0
0,Arif Alvi_img_4.jpg,Javed Sheikh/16.599bfb6059354-768x450.jpg,0.7806610851890915,0
0,Arif Alvi_img_4.jpg,Javed Sheikh/25.facebook-pictures-of-javed-sheikh.jpg,-1.0,1
0,Arif Alvi_img_4.jpg,Javed Sheikh/5.5559a7d4cc556.jpg,0.856115437610291,0
0,Arif Alvi_img_4.jpg,Javed Sheikh/13.6vq4E2GV_400x400.jpg,0.7566264644750829,0
0,Arif Alvi_img_4.jpg,Javed Sheikh/00000025.jpg,0.8967297230899285,0
0,Arif Alvi_img_4.jpg,Javed Sheikh/00000013 (5).jpg,0.9132049914016279,0
0,Arif Alvi_img_4.jpg,Javed Sheikh/00000025 (5).jpg,-1.0,1
0,Arif Alvi_img_4.jpg,Javed Sheikh/00000022 (2).jpg,0.7566264644750829,0
0,Arif Alvi_img_4.jpg,Javed Sheikh/21.220px-Javed_Sheikh_and_Amrita_Rao_at_Premiere_Of_My_Name_Is_Anthony_Gonsalves__28cropped_29.jpg,0.8585058832644599,0
0,Arif Alvi_img_4.jpg,Javed Sheikh/22.javed-sheikh-on-his-lost-role-in-veere-di-wedding-1-640x384.jpg,0.8951531048729724,0
0,Arif Alvi_img_4.jpg,Javed Sheikh/00000003 (2).jpg,0.856115437610291,0
0,Arif Alvi_img_4.jpg,Javed Sheikh/21.Javed-1-640x416.jpg,0.9092793448600772,0
0,Arif Alvi_img_4.jpg,Javed Sheikh/19.285827_8945865_magazine.jpg,0.9000047079917659,0
0,Arif Alvi_img_4.jpg,Javed Sheikh/88.Javed-Sheikh-3.jpg,0.8207036235279291,0
0,Arif Alvi_img_4.jpg,Javed Sheikh/19.bc71417e68f8dbd66dac2ecbf0a80b61.jpg,0.779432823194997,0
0,Arif Alvi_img_4.jpg,Javed Sheikh/00000008.jpg,0.7806610851890915,0
0,Arif Alvi_img_4.jpg,Javed Sheikh/17.976940-image-1445439189.jpg,0.9640208496510843,0
0,Arif Alvi_img_4.jpg,Javed Sheikh/00000024.jpg,0.8738130897375163,0
0,Arif Alvi_img_4.jpg,Javed Sheikh/00000016 (4).jpg,0.8885709092043266,0
0,Arif Alvi_img_4.jpg,Javed Sheikh/1.220px-Javed_Sheikh_and_Amrita_Rao_at_Premiere_Of_My_Name_Is_Anthony_Gonsalves__28cropped_29.jpg,0.8585058832644599,0
0,Arif Alvi_img_4.jpg,Javed Sheikh/00000012 (2).jpg,0.8027449232831646,0
0,Arif Alvi_img_4.jpg,Javed Sheikh/13.javed1.jpg,0.749274236375051,0
0,Arif Alvi_img_4.jpg,Javed Sheikh/00000017 (6).jpg,0.924262889284315,0
0,Arif Alvi_img_4.jpg,Murad Ali Shah/12.452907_68333274.jpg,0.7480981244446993,0
0,Arif Alvi_img_4.jpg,Murad Ali Shah/7.pic_1567781877.jpg,0.868680197938107,0
0,Arif Alvi_img_4.jpg,Murad Ali Shah/15.572335_5692764_murad-ali-shah4_akhbar.jpg,-1.0,1
0,Arif Alvi_img_4.jpg,Murad Ali Shah/20.Murad-ali-Shah-01-750x369.jpg,0.8264740882025021,0
0,Arif Alvi_img_4.jpg,Murad Ali Shah/5.Syed-Murad-Ali-Shah-CM-Sindh-Picture-PPP-min.jpg,0.9316470380520646,0
0,Arif Alvi_img_4.jpg,Murad Ali Shah/8.FB_IMG_1557495467985.jpg,0.8205055310220494,0
0,Arif Alvi_img_4.jpg,Murad Ali Shah/4.Syed-Murad-Ali-Shah-Age-Education-Family-Father-Politician-Political-Party-Political-Career-Constituency-Children-Contact-Facebook-Twitter-Instagram.jpg,0.7348391748540213,0
0,Arif Alvi_img_4.jpg,Murad Ali Shah/14.1152214-image-1469826668.jpg,-1.0,1
0,Arif Alvi_img_4.jpg,Murad Ali Shah/4.Syed-Murad-Ali-Shah-2.jpg,0.9245248972574809,0
0,Arif Alvi_img_4.jpg,Murad Ali Shah/16.Murad-Ali-Shah.jpg,0.939316368021052,0
0,Arif Alvi_img_4.jpg,Murad Ali Shah/4.pic_1554744023.jpg,0.7050308240528396,0
0,Arif Alvi_img_4.jpg,Murad Ali Shah/8.346287_85845231.jpg,-1.0,1
0,Arif Alvi_img_4.jpg,Murad Ali Shah/17.murad-age-1.jpg,0.8151743269530062,0
0,Arif Alvi_img_4.jpg,Murad Ali Shah/17.0_1_111803_album.jpg,0.7424021604932718,0
0,Arif Alvi_img_4.jpg,Murad Ali Shah/15.Murad-Ali-Shah-1.jpg,0.9176760311639415,0
0,Arif Alvi_img_4.jpg,Murad Ali Shah/2.976e1dccc49a79cf84b57d2d3e9624fa.jpg,0.7874800284793182,0
0,Arif Alvi_img_4.jpg,Murad Ali Shah/21.Murad-ali-Shah-750x369.jpg,0.9000463042015451,0
0,Arif Alvi_img_4.jpg,Murad Ali Shah/12.syed-murad-ali-shah-1.jpg,0.787052880052173,0
0,Arif Alvi_img_4.jpg,Murad Ali Shah/3.5afcf48ba4f1a.jpg,0.9458673536532118,0
0,Arif Alvi_img_4.jpg,Murad Ali Shah/19.syed-murad-ali-shah-1.jpg,0.787052880052173,0
0,Arif Alvi_img_4.jpg,Murad Ali Shah/6.414708_9088509_Murad-Ali-Shah_updates.jpg,0.8584173464479947,0
0,Arif Alvi_img_4.jpg,Murad Ali Shah/9.murad.jpg,0.9504859364232411,0
0,Arif Alvi_img_4.jpg,Murad Ali Shah/23.1285301-2069091802.jpg,0.7047315762507245,0
0,Arif Alvi_img_4.jpg,Murad Ali Shah/18.Syed-Murad-Ali-Shah-Age-Education-Family-Father-Politician-Political-Party-Political-Career-Constituency-Children-Contact-Facebook-Twitter-Instagram.jpg,0.7348391748540213,0
0,Arif Alvi_img_4.jpg,Murad Ali Shah/14.Murad-Ali-Shah.jpg,0.7390582324646129,0
0,Arif Alvi_img_4.jpg,Murad Ali Shah/11.syed-murad-ali-shah-1.jpg,0.787052880052173,0
0,Arif Alvi_img_4.jpg,Murad Ali Shah/2.3.jpg,0.7774827128772219,0
0,Arif Alvi_img_4.jpg,Murad Ali Shah/6.327b02abd766c34d6a2ea75d61c2bf75.jpg,0.8262624217430805,0
0,Arif Alvi_img_4.jpg,Murad Ali Shah/15.Syed-Murad-Ali-Shah-300x180-1280x720.jpg,0.9239474489359937,0
0,Arif Alvi_img_4.jpg,Murad Ali Shah/15.57323841_98006845.jpg,0.8057773721668354,0
0,Arif Alvi_img_4.jpg,Murad Ali Shah/20.440648_68627150-1.jpg,-1.0,1
0,Arif Alvi_img_4.jpg,Murad Ali Shah/9.Murad-ali-shah.jpg,0.884312619203691,0
0,Arif Alvi_img_4.jpg,Murad Ali Shah/20.Syed-Murad-Ali-Shah-300x180-1280x720.jpg,0.9239474489359937,0
0,Arif Alvi_img_4.jpg,Murad Ali Shah/5.MAS-PPP-Dialogue-pakistan.jpg,-1.0,1
0,Arif Alvi_img_4.jpg,Murad Ali Shah/6.Murad-ali-Shah-750x369.jpg,0.9093208608370497,0
0,Arif Alvi_img_4.jpg,Murad Ali Shah/22.hqdefault.jpg,0.8870735558806875,0
0,Arif Alvi_img_4.jpg,Murad Ali Shah/16.MAS-PPP-Dialogue-pakistan.jpg,-1.0,1
0,Arif Alvi_img_4.jpg,Murad Ali Shah/10.Murad-Ali-Shah-1-750x369.jpg,0.8133252654588939,0
0,Arif Alvi_img_4.jpg,Murad Ali Shah/20.CM-new.jpg,-1.0,1
0,Arif Alvi_img_4.jpg,Murad Ali Shah/19.murad-ali-shah-1.jpg,0.900907020944042,0
0,Arif Alvi_img_4.jpg,mask/Mask_190.jpg,-1.0,1
0,Arif Alvi_img_4.jpg,mask/Mask_24.jpg,0.9233984576833342,0
0,Arif Alvi_img_4.jpg,mask/Mask_12.jpg,0.9124851013877789,0
0,Arif Alvi_img_4.jpg,mask/Mask_115.jpg,0.9075012271420069,0
0,Arif Alvi_img_4.jpg,mask/Mask_31.jpg,-1.0,1
0,Arif Alvi_img_4.jpg,mask/Mask_266.jpg,0.9351768314491661,0
0,Arif Alvi_img_4.jpg,mask/Mask_248.jpg,0.8656553954024621,0
0,Arif Alvi_img_4.jpg,mask/Mask_84.jpg,0.9369635749100678,0
0,Arif Alvi_img_4.jpg,mask/Mask_36.jpg,0.9633133400451631,0
0,Arif Alvi_img_4.jpg,mask/Mask_137.jpg,0.8656270539740889,0
0,Arif Alvi_img_4.jpg,mask/Mask_10.jpg,0.9291274056029617,0
0,Arif Alvi_img_4.jpg,mask/Mask_30.jpg,0.7762836285093063,0
0,Arif Alvi_img_4.jpg,mask/Mask_167.jpg,0.8791842843003586,0
0,Arif Alvi_img_4.jpg,mask/Mask_170.jpg,0.87945430069789,0
0,Arif Alvi_img_4.jpg,mask/Mask_252.jpg,0.9140743045817369,0
0,Arif Alvi_img_4.jpg,mask/Mask_174.jpg,0.9019520831915612,0
0,Arif Alvi_img_4.jpg,mask/Mask_233.jpg,0.8325786450845101,0
0,Arif Alvi_img_4.jpg,mask/Mask_129.jpg,0.9422669701312982,0
0,Arif Alvi_img_4.jpg,mask/Mask_21.jpg,0.9252991137780823,0
0,Arif Alvi_img_4.jpg,mask/Mask_49.jpg,0.8242753481225042,0
0,Arif Alvi_img_4.jpg,mask/Mask_32.jpg,0.9087280063357144,0
0,Arif Alvi_img_4.jpg,mask/Mask_151.jpg,0.826570577507318,0
0,Arif Alvi_img_4.jpg,mask/Mask_186.jpg,0.8493192505827543,0
0,Arif Alvi_img_4.jpg,mask/Mask_5.jpg,0.892347561338906,0
0,Arif Alvi_img_4.jpg,mask/Mask_45.jpg,-1.0,1
0,Arif Alvi_img_4.jpg,mask/Mask_80.jpg,0.898882003254953,0
0,Arif Alvi_img_4.jpg,mask/Mask_150.jpg,0.8538371893426278,0
0,Arif Alvi_img_4.jpg,mask/Mask_140.jpg,0.9349365770535655,0
0,Arif Alvi_img_4.jpg,mask/Mask_241.jpg,0.8475479207628904,0
0,Arif Alvi_img_4.jpg,mask/Mask_212.jpg,0.9140463944185035,0
0,Arif Alvi_img_4.jpg,mask/Mask_47.jpg,0.8556534290308523,0
0,Arif Alvi_img_4.jpg,mask/Mask_13.jpg,0.8956622332716033,0
0,Arif Alvi_img_4.jpg,mask/Mask_41.jpg,0.9022972534557329,0
0,Arif Alvi_img_4.jpg,mask/Mask_35.jpg,0.8817293420100626,0
0,Arif Alvi_img_4.jpg,mask/Mask_14.jpg,-1.0,1
0,Arif Alvi_img_4.jpg,mask/Mask_249.jpg,0.9480707448292259,0
0,Arif Alvi_img_4.jpg,mask/Mask_163.jpg,0.9295305859217332,0
0,Arif Alvi_img_4.jpg,mask/Mask_33.jpg,0.9120017066945693,0
0,Arif Alvi_img_4.jpg,mask/Mask_384.jpg,0.9050270016780997,0
0,Arif Alvi_img_4.jpg,mask/Mask_20.jpg,0.8828741505825339,0
0,Arif Alvi_img_4.jpg,Aleem Khan/17.519536_93726974.jpg,0.8903919314110583,0
0,Arif Alvi_img_4.jpg,Aleem Khan/5.519536_93726974.jpg,0.8903919314110583,0
0,Arif Alvi_img_4.jpg,Aleem Khan/13.abdul-aleem-khan1024.jpg,0.7564141046643184,0
0,Arif Alvi_img_4.jpg,Aleem Khan/11.N2mHNQ1P_400x400.jpg,0.8438476275662642,0
0,Arif Alvi_img_4.jpg,Aleem Khan/20.1000089.jpg,0.7415271385761355,0
0,Arif Alvi_img_4.jpg,Aleem Khan/11.457512_69051539.jpg,-1.0,1
0,Arif Alvi_img_4.jpg,Aleem Khan/4.Aleem-Khan-Remand-Lhr-yasir-Pkg-07-02.jpg,0.8137744702593299,0
0,Arif Alvi_img_4.jpg,Aleem Khan/5.Aleem-Khan.jpg,-1.0,1
0,Arif Alvi_img_4.jpg,Aleem Khan/2.1973538-aleemkhanxxx-1557907867-453-640x480.jpg,-1.0,1
0,Arif Alvi_img_4.jpg,Aleem Khan/10.640x426xnab-summons-pti-leader-aleem-khan-yet-again-1533655505-7862.jpg,0.9374508092046078,0
0,Arif Alvi_img_4.jpg,Aleem Khan/16.477792_86655721.jpg,0.8825011425326164,0
0,Arif Alvi_img_4.jpg,Aleem Khan/12.Abdul_Aleem_Khan.jpg,0.8672612366799783,0
0,Arif Alvi_img_4.jpg,Aleem Khan/8.Aleem-Khan.jpg,0.9435376370678623,0
0,Arif Alvi_img_4.jpg,Aleem Khan/4.Aleem-Khan-remanded-to-NAB-custody-for-9-days.jpg,0.8696295630423067,0
0,Arif Alvi_img_4.jpg,Aleem Khan/19.Aleem-khan-1.jpg,0.7973346679611215,0
0,Arif Alvi_img_4.jpg,Aleem Khan/1.aleem-khan-2.jpg,0.920654696287496,0
0,Arif Alvi_img_4.jpg,Aleem Khan/20.5c5b72e3d827d.jpg,0.8345660819299668,0
0,Arif Alvi_img_4.jpg,Aleem Khan/12.28512054_748887808647469_209980968_n-750x369.jpg,0.8646429415390537,0
0,Arif Alvi_img_4.jpg,Aleem Khan/3.223600_6622992_updates.jpg,0.8850049667365651,0
0,Arif Alvi_img_4.jpg,Aleem Khan/6.Aleem-Khan-750x369.jpg,0.8733149436320888,0
0,Arif Alvi_img_4.jpg,Aleem Khan/3.maxresdefault.jpg,0.8932663337771598,0
0,Arif Alvi_img_4.jpg,Aleem Khan/16.227410_9190279_updates.jpg,0.7993671013823231,0
0,Arif Alvi_img_4.jpg,Aleem Khan/5.pic_1559980934.jpg,-1.0,1
0,Arif Alvi_img_4.jpg,Aleem Khan/12.Aleem-Khan.jpg,-1.0,1
0,Arif Alvi_img_4.jpg,Aleem Khan/9.28512054_748887808647469_209980968_n-750x369.jpg,0.8646429415390537,0
0,Arif Alvi_img_4.jpg,Aleem Khan/8.pic_1543345404.jpg,0.9000784060367301,0
0,Arif Alvi_img_4.jpg,Aleem Khan/6.78471-aleemkhanxjpg-1549621919-661-640x480.jpg,-1.0,1
0,Arif Alvi_img_4.jpg,Aleem Khan/14.aleem-khan-2.jpg,0.920654696287496,0
0,Arif Alvi_img_4.jpg,Aleem Khan/17.abdul-aleem-khan1024.jpg,0.7564141046643184,0
0,Arif Alvi_img_4.jpg,Aleem Khan/18.maxresdefault.jpg,0.8932663337771598,0
0,Arif Alvi_img_4.jpg,Aleem Khan/19.download-2-1.jpg,0.9668770193623837,0
0,Arif Alvi_img_4.jpg,Aleem Khan/9.aleem-khan.jpg,0.818328644132004,0
0,Arif Alvi_img_4.jpg,Aleem Khan/2.ec-allows-ptis-aleem-khan-to-contest-elections-1529908764-8017.jpg,0.8584386871212837,0
0,Arif Alvi_img_4.jpg,Aleem Khan/17.ec-allows-ptis-aleem-khan-to-contest-elections-1529908764-8017.jpg,0.8584386871212837,0
0,Arif Alvi_img_4.jpg,Aleem Khan/10.aleem-khan-1.jpg,-1.0,1
0,Arif Alvi_img_4.jpg,Aleem Khan/8.aleem-khan-1-640x360.jpg,0.7420906561273914,0
0,Arif Alvi_img_4.jpg,Aleem Khan/18.492294_96410333.jpg,0.8559533111356449,0
0,Arif Alvi_img_4.jpg,Aleem Khan/6.223600_6622992_updates.jpg,0.8850049667365651,0
0,Arif Alvi_img_4.jpg,Aleem Khan/9.Aleem-Khan-750x369.jpg,0.8080061546141465,0
0,Arif Alvi_img_4.jpg,Aleem Khan/10.1453126-2078214500.jpg,-1.0,1
0,Arif Alvi_img_4.jpg,Umar Akmal/9.44524-akmalcopyx-1482932847-484-640x480.jpg,0.8650121804067287,0
0,Arif Alvi_img_4.jpg,Umar Akmal/8.CasualKurta_09.jpg,0.8776824058921018,0
0,Arif Alvi_img_4.jpg,Umar Akmal/1.c5e1d62652281839537061886077bd5f.jpg,0.8391763887823603,0
0,Arif Alvi_img_4.jpg,Umar Akmal/11.DzelQj-W0AE8egf.jpg,0.9346245923663408,0
0,Arif Alvi_img_4.jpg,Umar Akmal/15.rcwrbbceecdad.jpg,-1.0,1
0,Arif Alvi_img_4.jpg,Umar Akmal/11.591c64e77197c.jpg,0.8721461949638107,0
0,Arif Alvi_img_4.jpg,Umar Akmal/2.Umar-Akmal-and-Noor-Amna-Mehndi.jpg,-1.0,1
0,Arif Alvi_img_4.jpg,Umar Akmal/6.umarakmalre_543.jpg,0.894859919663149,0
0,Arif Alvi_img_4.jpg,Umar Akmal/11.Bpr-Akmal02-640x480.jpg,-1.0,1
0,Arif Alvi_img_4.jpg,Umar Akmal/12.DDPvlASUIAAmwiz.jpg,0.7604139861233852,0
0,Arif Alvi_img_4.jpg,Umar Akmal/13.GettyImages-515515506-e1527262462346.jpg,0.8965661782150374,0
0,Arif Alvi_img_4.jpg,Umar Akmal/10.jeeto-pakistan-1-1.jpg,0.91574414985304,0
0,Arif Alvi_img_4.jpg,Umar Akmal/9.maxresdefault.jpg,0.8576659768376855,0
0,Arif Alvi_img_4.jpg,Umar Akmal/2.Umar-AKMAL-.jpg,0.8882320208839517,0
0,Arif Alvi_img_4.jpg,Umar Akmal/9.Humayun-Alamgir-Eid-Collection-For-Men-By-Umer-Akmal-04.jpg,0.83392929039998,0
0,Arif Alvi_img_4.jpg,Umar Akmal/8.umar-akmal-bentley-twitter_806x605_71500266533.jpg,0.8016690736678866,0
0,Arif Alvi_img_4.jpg,Umar Akmal/13.621655-mcvmbvc.jpg,0.9394793242270065,0
0,Arif Alvi_img_4.jpg,Umar Akmal/14.Humayun-Alamgir-Eid-Collection-For-Men-By-Umer-Akmal-02.jpg,-1.0,1
0,Arif Alvi_img_4.jpg,Umar Akmal/5.i-put-on-weight-even-if-i-drink-water-umar-akmal-1489921810-7259.jpg,0.8715082377547441,0
0,Arif Alvi_img_4.jpg,Umar Akmal/5.Cricket-Umar-Akmal-Blessed-With-Daughter-8375.jpg,-1.0,1
0,Arif Alvi_img_4.jpg,Umar Akmal/14.umar-akmal.jpg,0.8316059258375154,0
0,Arif Alvi_img_4.jpg,Umar Akmal/14.Umar-Akmal-1.jpg,-1.0,1
0,Arif Alvi_img_4.jpg,Umar Akmal/10.246997.jpg,0.9005584562099369,0
0,Arif Alvi_img_4.jpg,Umar Akmal/15.Bzg5trCCQAA-Nq6.jpg,-1.0,1
0,Arif Alvi_img_4.jpg,Umar Akmal/2.umar-akmal-3.jpg,-1.0,1
0,Arif Alvi_img_4.jpg,Umar Akmal/3.Umar-Akmal-AFP.jpg,0.7455202657410949,0
0,Arif Alvi_img_4.jpg,Umar Akmal/6.umar-lahore-qalandars.jpg,0.8007000332942067,0
0,Arif Alvi_img_4.jpg,Umar Akmal/15.Umar-Akmal-ready-for-a-priavte-event-wearing-Humayun-Alamgir.jpg,-1.0,1
0,Arif Alvi_img_4.jpg,Umar Akmal/13.maxresdefault.jpg,0.8080538970552532,0
0,Arif Alvi_img_4.jpg,Umar Akmal/7.Humayun-Alamgir-Eid-Collection-For-Men-By-Umer-Akmal-05.jpg,0.8942611224564289,0
0,Arif Alvi_img_4.jpg,Umar Akmal/14.cover_1541227042umar.jpg,0.8617310630231257,0
0,Arif Alvi_img_4.jpg,Umar Akmal/13.Umar+Akmal+OXYbAraOCzJm.jpg,0.8084783845812223,0
0,Arif Alvi_img_4.jpg,Umar Akmal/5.hqdefault.jpg,0.910044207470475,0
0,Arif Alvi_img_4.jpg,Umar Akmal/3.chutiya-1.jpg,0.9166697481702215,0
0,Arif Alvi_img_4.jpg,Umar Akmal/14.1412328-image-1495033970.jpg,0.8297838342437581,0
0,Arif Alvi_img_4.jpg,Umar Akmal/10.5a62b-1518767729-800.jpg,0.8113141329880542,0
0,Arif Alvi_img_4.jpg,Umar Akmal/2.Umar+Akmal+tS-1wc6rWSkm.jpg,0.8763569361251168,0
0,Arif Alvi_img_4.jpg,Umar Akmal/7.1486719513262-player.jpg,0.8830370544914243,0
0,Arif Alvi_img_4.jpg,Umar Akmal/4.maxresdefault.jpg,-1.0,1
0,Arif Alvi_img_4.jpg,Umar Akmal/1.5bdd7e771141f.jpg,0.8429707107442392,0
